# Generated by GAMUT v1.0.1
# A Game With Normal Covariant Random Payoffs
# Game Parameter Values:
# Random seed:	1644574317383
# Cmd Line:	-g CovariantGame -r -0.2 -players 3 -actions 10 -normalize -min_payoff 0.01 -max_payoff 10 -int_payoffs -int_mult 100 -f CG_multi_3_10_6.txt
# Players:	3
# Actions:	10 10 10
# players:	3
# actions:	[10]
# r:	-0.2
[1  1  1] :	[ 390 421 205 ]
[2  1  1] :	[ 401 595 519 ]
[3  1  1] :	[ 342 232 540 ]
[4  1  1] :	[ 622 445 467 ]
[5  1  1] :	[ 577 164 515 ]
[6  1  1] :	[ 521 561 403 ]
[7  1  1] :	[ 419 386 440 ]
[8  1  1] :	[ 473 324 553 ]
[9  1  1] :	[ 387 642 487 ]
[10  1  1] :	[ 412 589 583 ]
[1  2  1] :	[ 607 524 714 ]
[2  2  1] :	[ 538 374 525 ]
[3  2  1] :	[ 430 486 453 ]
[4  2  1] :	[ 433 535 660 ]
[5  2  1] :	[ 485 755 396 ]
[6  2  1] :	[ 460 508 667 ]
[7  2  1] :	[ 513 594 438 ]
[8  2  1] :	[ 535 480 521 ]
[9  2  1] :	[ 365 470 610 ]
[10  2  1] :	[ 624 279 391 ]
[1  3  1] :	[ 622 348 450 ]
[2  3  1] :	[ 758 649 637 ]
[3  3  1] :	[ 350 476 378 ]
[4  3  1] :	[ 362 482 341 ]
[5  3  1] :	[ 309 660 386 ]
[6  3  1] :	[ 674 447 713 ]
[7  3  1] :	[ 636 496 606 ]
[8  3  1] :	[ 261 617 643 ]
[9  3  1] :	[ 314 406 580 ]
[10  3  1] :	[ 354 591 493 ]
[1  4  1] :	[ 645 395 473 ]
[2  4  1] :	[ 524 455 379 ]
[3  4  1] :	[ 431 531 468 ]
[4  4  1] :	[ 117 638 543 ]
[5  4  1] :	[ 651 431 484 ]
[6  4  1] :	[ 567 456 578 ]
[7  4  1] :	[ 401 549 521 ]
[8  4  1] :	[ 176 558 817 ]
[9  4  1] :	[ 732 681 316 ]
[10  4  1] :	[ 480 302 562 ]
[1  5  1] :	[ 671 355 424 ]
[2  5  1] :	[ 516 588 718 ]
[3  5  1] :	[ 489 408 589 ]
[4  5  1] :	[ 313 722 321 ]
[5  5  1] :	[ 427 543 505 ]
[6  5  1] :	[ 555 414 829 ]
[7  5  1] :	[ 666 368 555 ]
[8  5  1] :	[ 389 744 773 ]
[9  5  1] :	[ 309 147 670 ]
[10  5  1] :	[ 538 595 492 ]
[1  6  1] :	[ 452 486 449 ]
[2  6  1] :	[ 519 867 414 ]
[3  6  1] :	[ 552 434 508 ]
[4  6  1] :	[ 369 686 296 ]
[5  6  1] :	[ 629 556 551 ]
[6  6  1] :	[ 458 503 633 ]
[7  6  1] :	[ 844 581 291 ]
[8  6  1] :	[ 251 445 501 ]
[9  6  1] :	[ 423 716 526 ]
[10  6  1] :	[ 626 560 159 ]
[1  7  1] :	[ 519 522 303 ]
[2  7  1] :	[ 669 638 484 ]
[3  7  1] :	[ 463 450 681 ]
[4  7  1] :	[ 727 265 556 ]
[5  7  1] :	[ 586 623 491 ]
[6  7  1] :	[ 331 245 676 ]
[7  7  1] :	[ 566 479 528 ]
[8  7  1] :	[ 370 712 766 ]
[9  7  1] :	[ 477 414 533 ]
[10  7  1] :	[ 593 383 553 ]
[1  8  1] :	[ 457 316 463 ]
[2  8  1] :	[ 607 206 751 ]
[3  8  1] :	[ 762 345 419 ]
[4  8  1] :	[ 633 533 462 ]
[5  8  1] :	[ 752 635 330 ]
[6  8  1] :	[ 334 493 403 ]
[7  8  1] :	[ 602 426 440 ]
[8  8  1] :	[ 455 815 539 ]
[9  8  1] :	[ 439 679 245 ]
[10  8  1] :	[ 549 355 550 ]
[1  9  1] :	[ 623 625 496 ]
[2  9  1] :	[ 334 673 143 ]
[3  9  1] :	[ 352 656 458 ]
[4  9  1] :	[ 553 538 423 ]
[5  9  1] :	[ 447 371 622 ]
[6  9  1] :	[ 491 339 501 ]
[7  9  1] :	[ 674 493 720 ]
[8  9  1] :	[ 632 656 323 ]
[9  9  1] :	[ 398 389 448 ]
[10  9  1] :	[ 464 623 395 ]
[1  10  1] :	[ 448 556 544 ]
[2  10  1] :	[ 294 501 500 ]
[3  10  1] :	[ 513 388 384 ]
[4  10  1] :	[ 420 402 337 ]
[5  10  1] :	[ 236 760 199 ]
[6  10  1] :	[ 347 548 733 ]
[7  10  1] :	[ 568 422 720 ]
[8  10  1] :	[ 461 702 310 ]
[9  10  1] :	[ 337 581 521 ]
[10  10  1] :	[ 573 276 489 ]
[1  1  2] :	[ 631 950 308 ]
[2  1  2] :	[ 340 588 570 ]
[3  1  2] :	[ 419 375 411 ]
[4  1  2] :	[ 370 401 656 ]
[5  1  2] :	[ 643 423 627 ]
[6  1  2] :	[ 474 489 127 ]
[7  1  2] :	[ 791 303 454 ]
[8  1  2] :	[ 522 492 623 ]
[9  1  2] :	[ 355 710 299 ]
[10  1  2] :	[ 378 640 464 ]
[1  2  2] :	[ 563 152 780 ]
[2  2  2] :	[ 575 363 475 ]
[3  2  2] :	[ 360 666 558 ]
[4  2  2] :	[ 321 674 399 ]
[5  2  2] :	[ 595 668 613 ]
[6  2  2] :	[ 429 528 572 ]
[7  2  2] :	[ 743 332 324 ]
[8  2  2] :	[ 498 512 740 ]
[9  2  2] :	[ 769 341 408 ]
[10  2  2] :	[ 531 434 401 ]
[1  3  2] :	[ 554 303 374 ]
[2  3  2] :	[ 554 254 362 ]
[3  3  2] :	[ 319 513 598 ]
[4  3  2] :	[ 740 255 604 ]
[5  3  2] :	[ 409 442 614 ]
[6  3  2] :	[ 338 355 542 ]
[7  3  2] :	[ 399 251 764 ]
[8  3  2] :	[ 312 346 635 ]
[9  3  2] :	[ 674 463 475 ]
[10  3  2] :	[ 762 286 471 ]
[1  4  2] :	[ 520 396 769 ]
[2  4  2] :	[ 461 491 538 ]
[3  4  2] :	[ 224 427 647 ]
[4  4  2] :	[ 409 406 479 ]
[5  4  2] :	[ 660 398 322 ]
[6  4  2] :	[ 588 615 248 ]
[7  4  2] :	[ 413 826 431 ]
[8  4  2] :	[ 461 395 783 ]
[9  4  2] :	[ 60 502 680 ]
[10  4  2] :	[ 369 420 428 ]
[1  5  2] :	[ 412 440 674 ]
[2  5  2] :	[ 407 654 506 ]
[3  5  2] :	[ 371 433 578 ]
[4  5  2] :	[ 266 299 874 ]
[5  5  2] :	[ 664 283 619 ]
[6  5  2] :	[ 445 493 506 ]
[7  5  2] :	[ 521 579 321 ]
[8  5  2] :	[ 447 367 198 ]
[9  5  2] :	[ 355 526 638 ]
[10  5  2] :	[ 644 492 476 ]
[1  6  2] :	[ 545 452 545 ]
[2  6  2] :	[ 395 483 464 ]
[3  6  2] :	[ 195 730 649 ]
[4  6  2] :	[ 503 667 610 ]
[5  6  2] :	[ 607 442 586 ]
[6  6  2] :	[ 483 581 480 ]
[7  6  2] :	[ 438 454 698 ]
[8  6  2] :	[ 286 315 483 ]
[9  6  2] :	[ 615 400 419 ]
[10  6  2] :	[ 423 346 539 ]
[1  7  2] :	[ 503 529 246 ]
[2  7  2] :	[ 311 614 404 ]
[3  7  2] :	[ 745 356 427 ]
[4  7  2] :	[ 531 457 397 ]
[5  7  2] :	[ 453 348 394 ]
[6  7  2] :	[ 718 500 541 ]
[7  7  2] :	[ 719 384 222 ]
[8  7  2] :	[ 583 592 474 ]
[9  7  2] :	[ 368 620 604 ]
[10  7  2] :	[ 633 409 374 ]
[1  8  2] :	[ 418 456 476 ]
[2  8  2] :	[ 380 428 532 ]
[3  8  2] :	[ 413 537 514 ]
[4  8  2] :	[ 529 423 711 ]
[5  8  2] :	[ 443 412 380 ]
[6  8  2] :	[ 710 685 545 ]
[7  8  2] :	[ 263 631 382 ]
[8  8  2] :	[ 764 555 223 ]
[9  8  2] :	[ 381 500 463 ]
[10  8  2] :	[ 334 663 415 ]
[1  9  2] :	[ 301 464 577 ]
[2  9  2] :	[ 793 392 410 ]
[3  9  2] :	[ 533 697 404 ]
[4  9  2] :	[ 412 454 272 ]
[5  9  2] :	[ 457 498 664 ]
[6  9  2] :	[ 338 466 513 ]
[7  9  2] :	[ 881 436 536 ]
[8  9  2] :	[ 571 621 305 ]
[9  9  2] :	[ 634 543 383 ]
[10  9  2] :	[ 786 406 660 ]
[1  10  2] :	[ 458 592 480 ]
[2  10  2] :	[ 437 542 573 ]
[3  10  2] :	[ 589 472 531 ]
[4  10  2] :	[ 438 325 448 ]
[5  10  2] :	[ 632 349 537 ]
[6  10  2] :	[ 401 740 338 ]
[7  10  2] :	[ 626 553 648 ]
[8  10  2] :	[ 366 620 397 ]
[9  10  2] :	[ 453 724 346 ]
[10  10  2] :	[ 583 446 592 ]
[1  1  3] :	[ 781 235 377 ]
[2  1  3] :	[ 353 545 255 ]
[3  1  3] :	[ 342 410 498 ]
[4  1  3] :	[ 447 241 567 ]
[5  1  3] :	[ 497 707 319 ]
[6  1  3] :	[ 88 438 479 ]
[7  1  3] :	[ 418 712 244 ]
[8  1  3] :	[ 522 464 630 ]
[9  1  3] :	[ 512 325 612 ]
[10  1  3] :	[ 266 559 580 ]
[1  2  3] :	[ 305 768 517 ]
[2  2  3] :	[ 59 587 692 ]
[3  2  3] :	[ 645 360 413 ]
[4  2  3] :	[ 388 373 582 ]
[5  2  3] :	[ 511 738 315 ]
[6  2  3] :	[ 550 505 310 ]
[7  2  3] :	[ 399 411 468 ]
[8  2  3] :	[ 425 801 366 ]
[9  2  3] :	[ 347 536 834 ]
[10  2  3] :	[ 280 577 669 ]
[1  3  3] :	[ 801 323 416 ]
[2  3  3] :	[ 515 612 361 ]
[3  3  3] :	[ 622 406 549 ]
[4  3  3] :	[ 670 672 212 ]
[5  3  3] :	[ 602 594 394 ]
[6  3  3] :	[ 582 531 391 ]
[7  3  3] :	[ 605 349 403 ]
[8  3  3] :	[ 756 420 581 ]
[9  3  3] :	[ 454 437 531 ]
[10  3  3] :	[ 811 274 390 ]
[1  4  3] :	[ 622 508 590 ]
[2  4  3] :	[ 588 660 397 ]
[3  4  3] :	[ 540 658 522 ]
[4  4  3] :	[ 357 431 652 ]
[5  4  3] :	[ 640 252 490 ]
[6  4  3] :	[ 247 565 532 ]
[7  4  3] :	[ 455 401 518 ]
[8  4  3] :	[ 504 640 504 ]
[9  4  3] :	[ 611 394 356 ]
[10  4  3] :	[ 360 370 408 ]
[1  5  3] :	[ 801 808 521 ]
[2  5  3] :	[ 520 386 467 ]
[3  5  3] :	[ 486 689 515 ]
[4  5  3] :	[ 562 468 454 ]
[5  5  3] :	[ 632 418 330 ]
[6  5  3] :	[ 385 694 169 ]
[7  5  3] :	[ 554 192 514 ]
[8  5  3] :	[ 415 497 385 ]
[9  5  3] :	[ 444 320 588 ]
[10  5  3] :	[ 674 412 685 ]
[1  6  3] :	[ 536 419 558 ]
[2  6  3] :	[ 430 499 599 ]
[3  6  3] :	[ 415 619 652 ]
[4  6  3] :	[ 451 129 747 ]
[5  6  3] :	[ 581 499 494 ]
[6  6  3] :	[ 504 475 609 ]
[7  6  3] :	[ 207 684 463 ]
[8  6  3] :	[ 465 475 389 ]
[9  6  3] :	[ 318 375 617 ]
[10  6  3] :	[ 794 345 478 ]
[1  7  3] :	[ 311 400 686 ]
[2  7  3] :	[ 473 501 558 ]
[3  7  3] :	[ 692 430 479 ]
[4  7  3] :	[ 529 307 428 ]
[5  7  3] :	[ 532 564 341 ]
[6  7  3] :	[ 395 555 495 ]
[7  7  3] :	[ 749 403 522 ]
[8  7  3] :	[ 345 422 545 ]
[9  7  3] :	[ 620 363 815 ]
[10  7  3] :	[ 257 660 517 ]
[1  8  3] :	[ 641 494 460 ]
[2  8  3] :	[ 598 408 313 ]
[3  8  3] :	[ 622 498 404 ]
[4  8  3] :	[ 641 426 386 ]
[5  8  3] :	[ 398 323 555 ]
[6  8  3] :	[ 386 400 615 ]
[7  8  3] :	[ 547 482 343 ]
[8  8  3] :	[ 378 530 460 ]
[9  8  3] :	[ 266 334 661 ]
[10  8  3] :	[ 544 422 678 ]
[1  9  3] :	[ 389 391 687 ]
[2  9  3] :	[ 246 748 212 ]
[3  9  3] :	[ 258 677 345 ]
[4  9  3] :	[ 493 603 565 ]
[5  9  3] :	[ 584 416 243 ]
[6  9  3] :	[ 496 640 336 ]
[7  9  3] :	[ 389 749 227 ]
[8  9  3] :	[ 460 109 706 ]
[9  9  3] :	[ 667 408 447 ]
[10  9  3] :	[ 546 534 473 ]
[1  10  3] :	[ 370 327 858 ]
[2  10  3] :	[ 435 655 650 ]
[3  10  3] :	[ 500 596 433 ]
[4  10  3] :	[ 621 424 399 ]
[5  10  3] :	[ 422 517 494 ]
[6  10  3] :	[ 346 555 217 ]
[7  10  3] :	[ 357 150 539 ]
[8  10  3] :	[ 388 754 777 ]
[9  10  3] :	[ 351 409 710 ]
[10  10  3] :	[ 350 428 656 ]
[1  1  4] :	[ 449 392 635 ]
[2  1  4] :	[ 498 397 448 ]
[3  1  4] :	[ 579 524 465 ]
[4  1  4] :	[ 582 125 499 ]
[5  1  4] :	[ 371 520 697 ]
[6  1  4] :	[ 638 310 685 ]
[7  1  4] :	[ 766 494 440 ]
[8  1  4] :	[ 629 539 377 ]
[9  1  4] :	[ 656 408 346 ]
[10  1  4] :	[ 360 385 513 ]
[1  2  4] :	[ 779 235 432 ]
[2  2  4] :	[ 309 496 554 ]
[3  2  4] :	[ 482 388 791 ]
[4  2  4] :	[ 650 454 676 ]
[5  2  4] :	[ 430 345 380 ]
[6  2  4] :	[ 662 313 442 ]
[7  2  4] :	[ 536 785 303 ]
[8  2  4] :	[ 334 522 653 ]
[9  2  4] :	[ 386 629 513 ]
[10  2  4] :	[ 451 634 528 ]
[1  3  4] :	[ 578 620 229 ]
[2  3  4] :	[ 680 229 690 ]
[3  3  4] :	[ 475 395 468 ]
[4  3  4] :	[ 714 746 211 ]
[5  3  4] :	[ 586 289 393 ]
[6  3  4] :	[ 380 394 458 ]
[7  3  4] :	[ 402 482 454 ]
[8  3  4] :	[ 479 307 522 ]
[9  3  4] :	[ 761 274 577 ]
[10  3  4] :	[ 591 579 303 ]
[1  4  4] :	[ 273 558 608 ]
[2  4  4] :	[ 497 559 465 ]
[3  4  4] :	[ 537 348 492 ]
[4  4  4] :	[ 239 275 459 ]
[5  4  4] :	[ 319 520 535 ]
[6  4  4] :	[ 404 490 627 ]
[7  4  4] :	[ 559 563 304 ]
[8  4  4] :	[ 468 294 593 ]
[9  4  4] :	[ 460 403 353 ]
[10  4  4] :	[ 500 450 552 ]
[1  5  4] :	[ 514 678 371 ]
[2  5  4] :	[ 499 163 508 ]
[3  5  4] :	[ 256 467 475 ]
[4  5  4] :	[ 343 125 731 ]
[5  5  4] :	[ 298 528 530 ]
[6  5  4] :	[ 332 234 373 ]
[7  5  4] :	[ 605 391 465 ]
[8  5  4] :	[ 683 476 478 ]
[9  5  4] :	[ 443 464 340 ]
[10  5  4] :	[ 573 474 405 ]
[1  6  4] :	[ 522 617 268 ]
[2  6  4] :	[ 828 210 385 ]
[3  6  4] :	[ 378 673 419 ]
[4  6  4] :	[ 473 675 427 ]
[5  6  4] :	[ 222 635 335 ]
[6  6  4] :	[ 488 667 107 ]
[7  6  4] :	[ 327 552 466 ]
[8  6  4] :	[ 578 358 540 ]
[9  6  4] :	[ 705 378 545 ]
[10  6  4] :	[ 372 634 577 ]
[1  7  4] :	[ 613 404 448 ]
[2  7  4] :	[ 796 579 325 ]
[3  7  4] :	[ 603 470 344 ]
[4  7  4] :	[ 465 505 544 ]
[5  7  4] :	[ 427 702 453 ]
[6  7  4] :	[ 627 648 256 ]
[7  7  4] :	[ 358 594 462 ]
[8  7  4] :	[ 253 453 586 ]
[9  7  4] :	[ 540 506 701 ]
[10  7  4] :	[ 369 342 532 ]
[1  8  4] :	[ 370 713 392 ]
[2  8  4] :	[ 409 483 479 ]
[3  8  4] :	[ 805 588 300 ]
[4  8  4] :	[ 482 516 387 ]
[5  8  4] :	[ 336 985 461 ]
[6  8  4] :	[ 494 700 303 ]
[7  8  4] :	[ 584 220 515 ]
[8  8  4] :	[ 410 414 595 ]
[9  8  4] :	[ 547 388 505 ]
[10  8  4] :	[ 335 241 517 ]
[1  9  4] :	[ 576 362 517 ]
[2  9  4] :	[ 652 704 366 ]
[3  9  4] :	[ 353 517 724 ]
[4  9  4] :	[ 734 503 398 ]
[5  9  4] :	[ 662 430 558 ]
[6  9  4] :	[ 592 572 398 ]
[7  9  4] :	[ 281 266 778 ]
[8  9  4] :	[ 175 561 365 ]
[9  9  4] :	[ 264 694 678 ]
[10  9  4] :	[ 502 637 426 ]
[1  10  4] :	[ 611 665 430 ]
[2  10  4] :	[ 515 531 491 ]
[3  10  4] :	[ 476 350 620 ]
[4  10  4] :	[ 632 395 415 ]
[5  10  4] :	[ 762 399 439 ]
[6  10  4] :	[ 601 815 178 ]
[7  10  4] :	[ 512 471 563 ]
[8  10  4] :	[ 882 326 586 ]
[9  10  4] :	[ 495 571 577 ]
[10  10  4] :	[ 406 480 720 ]
[1  1  5] :	[ 135 648 601 ]
[2  1  5] :	[ 347 407 372 ]
[3  1  5] :	[ 302 474 655 ]
[4  1  5] :	[ 343 384 523 ]
[5  1  5] :	[ 495 576 262 ]
[6  1  5] :	[ 411 470 640 ]
[7  1  5] :	[ 393 400 309 ]
[8  1  5] :	[ 279 420 305 ]
[9  1  5] :	[ 669 252 647 ]
[10  1  5] :	[ 259 852 468 ]
[1  2  5] :	[ 751 1 643 ]
[2  2  5] :	[ 434 372 756 ]
[3  2  5] :	[ 581 564 440 ]
[4  2  5] :	[ 374 431 169 ]
[5  2  5] :	[ 497 425 377 ]
[6  2  5] :	[ 602 939 153 ]
[7  2  5] :	[ 499 300 352 ]
[8  2  5] :	[ 692 257 513 ]
[9  2  5] :	[ 423 600 512 ]
[10  2  5] :	[ 392 487 476 ]
[1  3  5] :	[ 634 548 311 ]
[2  3  5] :	[ 562 498 340 ]
[3  3  5] :	[ 475 453 396 ]
[4  3  5] :	[ 574 664 396 ]
[5  3  5] :	[ 647 656 450 ]
[6  3  5] :	[ 466 633 538 ]
[7  3  5] :	[ 501 273 691 ]
[8  3  5] :	[ 364 740 694 ]
[9  3  5] :	[ 488 722 441 ]
[10  3  5] :	[ 383 561 892 ]
[1  4  5] :	[ 694 407 621 ]
[2  4  5] :	[ 366 705 357 ]
[3  4  5] :	[ 464 725 519 ]
[4  4  5] :	[ 496 739 316 ]
[5  4  5] :	[ 535 236 573 ]
[6  4  5] :	[ 322 457 542 ]
[7  4  5] :	[ 451 397 631 ]
[8  4  5] :	[ 328 488 526 ]
[9  4  5] :	[ 332 385 600 ]
[10  4  5] :	[ 581 440 329 ]
[1  5  5] :	[ 338 736 318 ]
[2  5  5] :	[ 456 509 554 ]
[3  5  5] :	[ 345 518 484 ]
[4  5  5] :	[ 469 353 577 ]
[5  5  5] :	[ 595 457 748 ]
[6  5  5] :	[ 576 379 634 ]
[7  5  5] :	[ 405 599 792 ]
[8  5  5] :	[ 772 420 273 ]
[9  5  5] :	[ 786 286 559 ]
[10  5  5] :	[ 330 641 399 ]
[1  6  5] :	[ 621 569 645 ]
[2  6  5] :	[ 657 238 636 ]
[3  6  5] :	[ 114 471 713 ]
[4  6  5] :	[ 469 227 811 ]
[5  6  5] :	[ 239 342 580 ]
[6  6  5] :	[ 492 547 612 ]
[7  6  5] :	[ 630 85 594 ]
[8  6  5] :	[ 789 493 522 ]
[9  6  5] :	[ 333 385 638 ]
[10  6  5] :	[ 585 397 200 ]
[1  7  5] :	[ 402 579 317 ]
[2  7  5] :	[ 470 409 359 ]
[3  7  5] :	[ 550 551 508 ]
[4  7  5] :	[ 535 750 246 ]
[5  7  5] :	[ 541 525 531 ]
[6  7  5] :	[ 649 499 353 ]
[7  7  5] :	[ 593 553 308 ]
[8  7  5] :	[ 406 405 572 ]
[9  7  5] :	[ 638 550 188 ]
[10  7  5] :	[ 601 284 533 ]
[1  8  5] :	[ 476 555 378 ]
[2  8  5] :	[ 448 583 480 ]
[3  8  5] :	[ 509 446 502 ]
[4  8  5] :	[ 546 285 563 ]
[5  8  5] :	[ 345 581 305 ]
[6  8  5] :	[ 508 740 65 ]
[7  8  5] :	[ 734 445 308 ]
[8  8  5] :	[ 684 659 197 ]
[9  8  5] :	[ 444 504 630 ]
[10  8  5] :	[ 419 600 418 ]
[1  9  5] :	[ 720 448 582 ]
[2  9  5] :	[ 756 170 597 ]
[3  9  5] :	[ 335 409 586 ]
[4  9  5] :	[ 461 445 354 ]
[5  9  5] :	[ 419 687 368 ]
[6  9  5] :	[ 243 652 535 ]
[7  9  5] :	[ 132 666 472 ]
[8  9  5] :	[ 568 379 217 ]
[9  9  5] :	[ 370 341 571 ]
[10  9  5] :	[ 417 594 383 ]
[1  10  5] :	[ 349 580 427 ]
[2  10  5] :	[ 323 393 401 ]
[3  10  5] :	[ 592 383 433 ]
[4  10  5] :	[ 471 570 353 ]
[5  10  5] :	[ 411 495 151 ]
[6  10  5] :	[ 536 753 840 ]
[7  10  5] :	[ 552 405 609 ]
[8  10  5] :	[ 498 698 655 ]
[9  10  5] :	[ 404 592 663 ]
[10  10  5] :	[ 697 429 408 ]
[1  1  6] :	[ 690 496 356 ]
[2  1  6] :	[ 494 669 244 ]
[3  1  6] :	[ 669 186 365 ]
[4  1  6] :	[ 680 651 461 ]
[5  1  6] :	[ 589 488 427 ]
[6  1  6] :	[ 537 714 429 ]
[7  1  6] :	[ 441 179 536 ]
[8  1  6] :	[ 401 548 407 ]
[9  1  6] :	[ 426 329 570 ]
[10  1  6] :	[ 509 479 190 ]
[1  2  6] :	[ 484 561 252 ]
[2  2  6] :	[ 245 282 544 ]
[3  2  6] :	[ 369 460 645 ]
[4  2  6] :	[ 306 577 595 ]
[5  2  6] :	[ 600 229 671 ]
[6  2  6] :	[ 564 513 424 ]
[7  2  6] :	[ 709 557 434 ]
[8  2  6] :	[ 657 411 386 ]
[9  2  6] :	[ 538 355 453 ]
[10  2  6] :	[ 282 909 529 ]
[1  3  6] :	[ 320 805 189 ]
[2  3  6] :	[ 408 575 388 ]
[3  3  6] :	[ 600 728 242 ]
[4  3  6] :	[ 447 468 587 ]
[5  3  6] :	[ 444 512 673 ]
[6  3  6] :	[ 546 563 592 ]
[7  3  6] :	[ 212 327 680 ]
[8  3  6] :	[ 422 395 701 ]
[9  3  6] :	[ 376 556 752 ]
[10  3  6] :	[ 284 691 454 ]
[1  4  6] :	[ 448 487 470 ]
[2  4  6] :	[ 591 359 342 ]
[3  4  6] :	[ 579 588 635 ]
[4  4  6] :	[ 395 731 409 ]
[5  4  6] :	[ 563 386 638 ]
[6  4  6] :	[ 638 654 283 ]
[7  4  6] :	[ 604 298 209 ]
[8  4  6] :	[ 640 327 502 ]
[9  4  6] :	[ 397 461 689 ]
[10  4  6] :	[ 572 489 457 ]
[1  5  6] :	[ 551 497 323 ]
[2  5  6] :	[ 581 631 644 ]
[3  5  6] :	[ 71 535 560 ]
[4  5  6] :	[ 541 336 657 ]
[5  5  6] :	[ 563 297 497 ]
[6  5  6] :	[ 633 402 669 ]
[7  5  6] :	[ 646 331 527 ]
[8  5  6] :	[ 631 505 494 ]
[9  5  6] :	[ 387 774 313 ]
[10  5  6] :	[ 342 454 547 ]
[1  6  6] :	[ 478 544 410 ]
[2  6  6] :	[ 491 374 481 ]
[3  6  6] :	[ 575 630 541 ]
[4  6  6] :	[ 211 485 848 ]
[5  6  6] :	[ 504 382 558 ]
[6  6  6] :	[ 265 607 342 ]
[7  6  6] :	[ 669 263 376 ]
[8  6  6] :	[ 408 674 374 ]
[9  6  6] :	[ 395 407 512 ]
[10  6  6] :	[ 122 430 927 ]
[1  7  6] :	[ 548 811 452 ]
[2  7  6] :	[ 550 327 630 ]
[3  7  6] :	[ 250 502 507 ]
[4  7  6] :	[ 529 268 772 ]
[5  7  6] :	[ 801 415 520 ]
[6  7  6] :	[ 539 456 489 ]
[7  7  6] :	[ 506 197 624 ]
[8  7  6] :	[ 622 671 747 ]
[9  7  6] :	[ 473 752 475 ]
[10  7  6] :	[ 389 494 202 ]
[1  8  6] :	[ 683 347 272 ]
[2  8  6] :	[ 509 458 546 ]
[3  8  6] :	[ 743 441 169 ]
[4  8  6] :	[ 644 422 544 ]
[5  8  6] :	[ 624 574 408 ]
[6  8  6] :	[ 291 448 463 ]
[7  8  6] :	[ 662 489 349 ]
[8  8  6] :	[ 258 625 674 ]
[9  8  6] :	[ 457 496 551 ]
[10  8  6] :	[ 652 539 333 ]
[1  9  6] :	[ 432 778 320 ]
[2  9  6] :	[ 384 743 572 ]
[3  9  6] :	[ 587 611 360 ]
[4  9  6] :	[ 178 487 303 ]
[5  9  6] :	[ 532 585 638 ]
[6  9  6] :	[ 494 542 498 ]
[7  9  6] :	[ 178 536 740 ]
[8  9  6] :	[ 350 737 384 ]
[9  9  6] :	[ 415 327 257 ]
[10  9  6] :	[ 377 605 700 ]
[1  10  6] :	[ 597 547 338 ]
[2  10  6] :	[ 72 722 468 ]
[3  10  6] :	[ 578 579 553 ]
[4  10  6] :	[ 425 715 800 ]
[5  10  6] :	[ 485 39 657 ]
[6  10  6] :	[ 501 342 379 ]
[7  10  6] :	[ 371 618 542 ]
[8  10  6] :	[ 569 336 334 ]
[9  10  6] :	[ 464 525 373 ]
[10  10  6] :	[ 483 758 222 ]
[1  1  7] :	[ 593 476 636 ]
[2  1  7] :	[ 317 424 591 ]
[3  1  7] :	[ 394 226 662 ]
[4  1  7] :	[ 542 617 489 ]
[5  1  7] :	[ 448 481 512 ]
[6  1  7] :	[ 538 458 270 ]
[7  1  7] :	[ 723 636 307 ]
[8  1  7] :	[ 417 436 521 ]
[9  1  7] :	[ 770 488 550 ]
[10  1  7] :	[ 528 348 219 ]
[1  2  7] :	[ 309 600 660 ]
[2  2  7] :	[ 694 263 586 ]
[3  2  7] :	[ 547 514 606 ]
[4  2  7] :	[ 461 680 412 ]
[5  2  7] :	[ 509 433 487 ]
[6  2  7] :	[ 475 306 428 ]
[7  2  7] :	[ 761 402 536 ]
[8  2  7] :	[ 546 570 115 ]
[9  2  7] :	[ 469 653 576 ]
[10  2  7] :	[ 295 836 332 ]
[1  3  7] :	[ 580 400 485 ]
[2  3  7] :	[ 516 482 590 ]
[3  3  7] :	[ 494 512 302 ]
[4  3  7] :	[ 488 499 532 ]
[5  3  7] :	[ 110 732 395 ]
[6  3  7] :	[ 337 544 473 ]
[7  3  7] :	[ 466 553 677 ]
[8  3  7] :	[ 451 339 439 ]
[9  3  7] :	[ 594 519 371 ]
[10  3  7] :	[ 189 925 647 ]
[1  4  7] :	[ 424 545 366 ]
[2  4  7] :	[ 389 399 598 ]
[3  4  7] :	[ 835 347 263 ]
[4  4  7] :	[ 589 574 263 ]
[5  4  7] :	[ 321 742 511 ]
[6  4  7] :	[ 417 423 558 ]
[7  4  7] :	[ 383 380 660 ]
[8  4  7] :	[ 657 583 500 ]
[9  4  7] :	[ 403 537 355 ]
[10  4  7] :	[ 437 612 624 ]
[1  5  7] :	[ 311 497 558 ]
[2  5  7] :	[ 483 222 265 ]
[3  5  7] :	[ 313 613 344 ]
[4  5  7] :	[ 271 604 440 ]
[5  5  7] :	[ 417 727 467 ]
[6  5  7] :	[ 415 606 330 ]
[7  5  7] :	[ 396 703 482 ]
[8  5  7] :	[ 418 642 382 ]
[9  5  7] :	[ 732 149 168 ]
[10  5  7] :	[ 525 592 445 ]
[1  6  7] :	[ 503 775 436 ]
[2  6  7] :	[ 776 337 552 ]
[3  6  7] :	[ 242 374 628 ]
[4  6  7] :	[ 351 676 628 ]
[5  6  7] :	[ 476 563 441 ]
[6  6  7] :	[ 654 463 158 ]
[7  6  7] :	[ 515 265 364 ]
[8  6  7] :	[ 464 488 87 ]
[9  6  7] :	[ 281 403 634 ]
[10  6  7] :	[ 343 557 777 ]
[1  7  7] :	[ 487 629 497 ]
[2  7  7] :	[ 693 595 387 ]
[3  7  7] :	[ 613 939 477 ]
[4  7  7] :	[ 349 710 346 ]
[5  7  7] :	[ 144 598 431 ]
[6  7  7] :	[ 467 191 682 ]
[7  7  7] :	[ 231 433 393 ]
[8  7  7] :	[ 412 369 424 ]
[9  7  7] :	[ 441 419 478 ]
[10  7  7] :	[ 380 377 552 ]
[1  8  7] :	[ 601 445 751 ]
[2  8  7] :	[ 549 501 396 ]
[3  8  7] :	[ 486 513 597 ]
[4  8  7] :	[ 135 494 555 ]
[5  8  7] :	[ 439 487 398 ]
[6  8  7] :	[ 444 28 419 ]
[7  8  7] :	[ 478 481 626 ]
[8  8  7] :	[ 404 565 222 ]
[9  8  7] :	[ 688 515 286 ]
[10  8  7] :	[ 445 486 436 ]
[1  9  7] :	[ 604 430 271 ]
[2  9  7] :	[ 524 574 480 ]
[3  9  7] :	[ 529 446 715 ]
[4  9  7] :	[ 481 788 592 ]
[5  9  7] :	[ 681 356 516 ]
[6  9  7] :	[ 523 372 353 ]
[7  9  7] :	[ 554 412 531 ]
[8  9  7] :	[ 650 443 458 ]
[9  9  7] :	[ 480 524 547 ]
[10  9  7] :	[ 428 598 461 ]
[1  10  7] :	[ 704 564 410 ]
[2  10  7] :	[ 363 518 530 ]
[3  10  7] :	[ 111 392 653 ]
[4  10  7] :	[ 791 424 427 ]
[5  10  7] :	[ 566 525 218 ]
[6  10  7] :	[ 516 498 611 ]
[7  10  7] :	[ 384 608 560 ]
[8  10  7] :	[ 411 301 411 ]
[9  10  7] :	[ 653 575 429 ]
[10  10  7] :	[ 643 420 147 ]
[1  1  8] :	[ 458 538 268 ]
[2  1  8] :	[ 707 479 398 ]
[3  1  8] :	[ 368 465 467 ]
[4  1  8] :	[ 760 503 621 ]
[5  1  8] :	[ 715 521 249 ]
[6  1  8] :	[ 594 617 352 ]
[7  1  8] :	[ 519 572 750 ]
[8  1  8] :	[ 1000 530 245 ]
[9  1  8] :	[ 182 901 550 ]
[10  1  8] :	[ 528 262 511 ]
[1  2  8] :	[ 314 745 441 ]
[2  2  8] :	[ 716 470 382 ]
[3  2  8] :	[ 444 368 257 ]
[4  2  8] :	[ 442 371 667 ]
[5  2  8] :	[ 267 664 520 ]
[6  2  8] :	[ 726 273 547 ]
[7  2  8] :	[ 657 691 396 ]
[8  2  8] :	[ 545 479 558 ]
[9  2  8] :	[ 361 414 684 ]
[10  2  8] :	[ 399 400 422 ]
[1  3  8] :	[ 348 755 546 ]
[2  3  8] :	[ 601 426 467 ]
[3  3  8] :	[ 360 544 680 ]
[4  3  8] :	[ 525 565 500 ]
[5  3  8] :	[ 530 221 681 ]
[6  3  8] :	[ 589 311 276 ]
[7  3  8] :	[ 388 549 498 ]
[8  3  8] :	[ 283 332 891 ]
[9  3  8] :	[ 509 499 422 ]
[10  3  8] :	[ 702 408 599 ]
[1  4  8] :	[ 434 309 580 ]
[2  4  8] :	[ 430 350 669 ]
[3  4  8] :	[ 485 449 649 ]
[4  4  8] :	[ 443 540 312 ]
[5  4  8] :	[ 619 337 155 ]
[6  4  8] :	[ 616 514 388 ]
[7  4  8] :	[ 385 465 727 ]
[8  4  8] :	[ 409 485 422 ]
[9  4  8] :	[ 382 324 689 ]
[10  4  8] :	[ 517 637 567 ]
[1  5  8] :	[ 496 581 453 ]
[2  5  8] :	[ 485 226 562 ]
[3  5  8] :	[ 351 602 568 ]
[4  5  8] :	[ 636 261 379 ]
[5  5  8] :	[ 542 449 392 ]
[6  5  8] :	[ 414 394 630 ]
[7  5  8] :	[ 506 376 427 ]
[8  5  8] :	[ 538 682 293 ]
[9  5  8] :	[ 353 289 519 ]
[10  5  8] :	[ 325 792 426 ]
[1  6  8] :	[ 620 567 670 ]
[2  6  8] :	[ 632 251 719 ]
[3  6  8] :	[ 477 511 288 ]
[4  6  8] :	[ 385 465 514 ]
[5  6  8] :	[ 509 587 129 ]
[6  6  8] :	[ 419 533 628 ]
[7  6  8] :	[ 823 219 327 ]
[8  6  8] :	[ 754 487 377 ]
[9  6  8] :	[ 572 440 373 ]
[10  6  8] :	[ 716 417 476 ]
[1  7  8] :	[ 653 348 276 ]
[2  7  8] :	[ 366 381 627 ]
[3  7  8] :	[ 665 323 419 ]
[4  7  8] :	[ 525 779 151 ]
[5  7  8] :	[ 399 387 495 ]
[6  7  8] :	[ 598 875 371 ]
[7  7  8] :	[ 337 677 498 ]
[8  7  8] :	[ 523 268 681 ]
[9  7  8] :	[ 576 338 436 ]
[10  7  8] :	[ 676 407 436 ]
[1  8  8] :	[ 438 596 767 ]
[2  8  8] :	[ 384 425 465 ]
[3  8  8] :	[ 411 608 635 ]
[4  8  8] :	[ 267 666 224 ]
[5  8  8] :	[ 467 398 662 ]
[6  8  8] :	[ 880 498 80 ]
[7  8  8] :	[ 174 755 569 ]
[8  8  8] :	[ 292 712 435 ]
[9  8  8] :	[ 576 622 407 ]
[10  8  8] :	[ 366 462 355 ]
[1  9  8] :	[ 273 573 498 ]
[2  9  8] :	[ 465 311 475 ]
[3  9  8] :	[ 670 334 453 ]
[4  9  8] :	[ 103 225 567 ]
[5  9  8] :	[ 654 359 371 ]
[6  9  8] :	[ 593 382 688 ]
[7  9  8] :	[ 511 392 648 ]
[8  9  8] :	[ 581 463 256 ]
[9  9  8] :	[ 476 426 662 ]
[10  9  8] :	[ 593 755 235 ]
[1  10  8] :	[ 336 409 557 ]
[2  10  8] :	[ 362 613 514 ]
[3  10  8] :	[ 589 554 511 ]
[4  10  8] :	[ 488 542 341 ]
[5  10  8] :	[ 540 489 563 ]
[6  10  8] :	[ 462 732 517 ]
[7  10  8] :	[ 716 700 389 ]
[8  10  8] :	[ 503 564 561 ]
[9  10  8] :	[ 615 708 377 ]
[10  10  8] :	[ 525 590 581 ]
[1  1  9] :	[ 762 223 452 ]
[2  1  9] :	[ 723 421 481 ]
[3  1  9] :	[ 283 691 607 ]
[4  1  9] :	[ 576 513 753 ]
[5  1  9] :	[ 246 609 647 ]
[6  1  9] :	[ 631 346 500 ]
[7  1  9] :	[ 427 610 203 ]
[8  1  9] :	[ 512 722 294 ]
[9  1  9] :	[ 511 668 77 ]
[10  1  9] :	[ 600 389 372 ]
[1  2  9] :	[ 644 541 336 ]
[2  2  9] :	[ 661 565 378 ]
[3  2  9] :	[ 449 497 563 ]
[4  2  9] :	[ 254 572 645 ]
[5  2  9] :	[ 561 659 132 ]
[6  2  9] :	[ 559 692 613 ]
[7  2  9] :	[ 590 401 443 ]
[8  2  9] :	[ 543 220 897 ]
[9  2  9] :	[ 630 345 550 ]
[10  2  9] :	[ 584 427 413 ]
[1  3  9] :	[ 682 497 270 ]
[2  3  9] :	[ 666 309 586 ]
[3  3  9] :	[ 722 500 395 ]
[4  3  9] :	[ 423 655 302 ]
[5  3  9] :	[ 438 590 549 ]
[6  3  9] :	[ 705 450 145 ]
[7  3  9] :	[ 543 253 736 ]
[8  3  9] :	[ 457 529 755 ]
[9  3  9] :	[ 646 560 548 ]
[10  3  9] :	[ 607 459 250 ]
[1  4  9] :	[ 273 498 526 ]
[2  4  9] :	[ 521 562 435 ]
[3  4  9] :	[ 554 539 612 ]
[4  4  9] :	[ 475 295 645 ]
[5  4  9] :	[ 763 464 292 ]
[6  4  9] :	[ 375 508 671 ]
[7  4  9] :	[ 281 444 486 ]
[8  4  9] :	[ 316 890 255 ]
[9  4  9] :	[ 397 747 384 ]
[10  4  9] :	[ 548 482 484 ]
[1  5  9] :	[ 440 456 548 ]
[2  5  9] :	[ 399 264 585 ]
[3  5  9] :	[ 534 459 560 ]
[4  5  9] :	[ 633 233 405 ]
[5  5  9] :	[ 264 515 708 ]
[6  5  9] :	[ 522 622 345 ]
[7  5  9] :	[ 748 455 591 ]
[8  5  9] :	[ 347 347 347 ]
[9  5  9] :	[ 478 368 582 ]
[10  5  9] :	[ 647 504 457 ]
[1  6  9] :	[ 333 182 684 ]
[2  6  9] :	[ 413 499 266 ]
[3  6  9] :	[ 426 444 502 ]
[4  6  9] :	[ 633 431 425 ]
[5  6  9] :	[ 514 506 710 ]
[6  6  9] :	[ 496 392 494 ]
[7  6  9] :	[ 372 401 738 ]
[8  6  9] :	[ 660 520 556 ]
[9  6  9] :	[ 452 695 581 ]
[10  6  9] :	[ 678 293 519 ]
[1  7  9] :	[ 201 575 480 ]
[2  7  9] :	[ 681 459 762 ]
[3  7  9] :	[ 377 513 718 ]
[4  7  9] :	[ 357 375 574 ]
[5  7  9] :	[ 668 438 594 ]
[6  7  9] :	[ 225 774 514 ]
[7  7  9] :	[ 572 527 415 ]
[8  7  9] :	[ 431 516 694 ]
[9  7  9] :	[ 554 180 819 ]
[10  7  9] :	[ 342 458 645 ]
[1  8  9] :	[ 590 431 558 ]
[2  8  9] :	[ 390 463 384 ]
[3  8  9] :	[ 334 453 411 ]
[4  8  9] :	[ 594 688 500 ]
[5  8  9] :	[ 458 561 484 ]
[6  8  9] :	[ 331 923 436 ]
[7  8  9] :	[ 540 724 589 ]
[8  8  9] :	[ 219 322 540 ]
[9  8  9] :	[ 651 574 411 ]
[10  8  9] :	[ 422 752 762 ]
[1  9  9] :	[ 513 759 259 ]
[2  9  9] :	[ 531 546 363 ]
[3  9  9] :	[ 394 435 484 ]
[4  9  9] :	[ 697 201 708 ]
[5  9  9] :	[ 417 517 481 ]
[6  9  9] :	[ 276 671 215 ]
[7  9  9] :	[ 427 406 521 ]
[8  9  9] :	[ 415 576 734 ]
[9  9  9] :	[ 522 724 467 ]
[10  9  9] :	[ 331 383 504 ]
[1  10  9] :	[ 657 586 284 ]
[2  10  9] :	[ 359 316 718 ]
[3  10  9] :	[ 509 671 606 ]
[4  10  9] :	[ 505 403 306 ]
[5  10  9] :	[ 528 493 345 ]
[6  10  9] :	[ 667 422 595 ]
[7  10  9] :	[ 201 555 755 ]
[8  10  9] :	[ 451 566 370 ]
[9  10  9] :	[ 609 362 730 ]
[10  10  9] :	[ 436 511 534 ]
[1  1  10] :	[ 730 587 544 ]
[2  1  10] :	[ 407 396 506 ]
[3  1  10] :	[ 543 349 790 ]
[4  1  10] :	[ 629 787 330 ]
[5  1  10] :	[ 339 308 479 ]
[6  1  10] :	[ 382 588 652 ]
[7  1  10] :	[ 487 456 371 ]
[8  1  10] :	[ 600 501 611 ]
[9  1  10] :	[ 689 915 576 ]
[10  1  10] :	[ 299 545 581 ]
[1  2  10] :	[ 374 513 422 ]
[2  2  10] :	[ 521 466 421 ]
[3  2  10] :	[ 517 255 598 ]
[4  2  10] :	[ 584 428 284 ]
[5  2  10] :	[ 318 599 387 ]
[6  2  10] :	[ 480 429 578 ]
[7  2  10] :	[ 732 491 592 ]
[8  2  10] :	[ 542 567 356 ]
[9  2  10] :	[ 515 544 297 ]
[10  2  10] :	[ 423 384 506 ]
[1  3  10] :	[ 427 328 469 ]
[2  3  10] :	[ 554 480 476 ]
[3  3  10] :	[ 645 477 446 ]
[4  3  10] :	[ 536 229 428 ]
[5  3  10] :	[ 180 680 327 ]
[6  3  10] :	[ 754 684 192 ]
[7  3  10] :	[ 364 508 345 ]
[8  3  10] :	[ 421 625 493 ]
[9  3  10] :	[ 639 537 490 ]
[10  3  10] :	[ 738 193 161 ]
[1  4  10] :	[ 712 181 649 ]
[2  4  10] :	[ 423 383 670 ]
[3  4  10] :	[ 608 309 343 ]
[4  4  10] :	[ 428 458 600 ]
[5  4  10] :	[ 430 503 607 ]
[6  4  10] :	[ 707 656 538 ]
[7  4  10] :	[ 456 228 501 ]
[8  4  10] :	[ 607 466 594 ]
[9  4  10] :	[ 409 523 512 ]
[10  4  10] :	[ 462 622 357 ]
[1  5  10] :	[ 334 646 185 ]
[2  5  10] :	[ 545 236 657 ]
[3  5  10] :	[ 329 738 581 ]
[4  5  10] :	[ 486 329 643 ]
[5  5  10] :	[ 385 371 527 ]
[6  5  10] :	[ 272 424 412 ]
[7  5  10] :	[ 617 526 156 ]
[8  5  10] :	[ 458 590 332 ]
[9  5  10] :	[ 678 639 285 ]
[10  5  10] :	[ 563 603 439 ]
[1  6  10] :	[ 715 634 497 ]
[2  6  10] :	[ 408 648 451 ]
[3  6  10] :	[ 394 447 382 ]
[4  6  10] :	[ 467 601 523 ]
[5  6  10] :	[ 364 494 374 ]
[6  6  10] :	[ 336 682 404 ]
[7  6  10] :	[ 479 792 271 ]
[8  6  10] :	[ 418 537 486 ]
[9  6  10] :	[ 516 327 868 ]
[10  6  10] :	[ 672 485 574 ]
[1  7  10] :	[ 446 500 475 ]
[2  7  10] :	[ 273 697 574 ]
[3  7  10] :	[ 658 460 389 ]
[4  7  10] :	[ 571 555 460 ]
[5  7  10] :	[ 485 614 429 ]
[6  7  10] :	[ 496 206 601 ]
[7  7  10] :	[ 425 442 400 ]
[8  7  10] :	[ 354 447 458 ]
[9  7  10] :	[ 457 550 571 ]
[10  7  10] :	[ 529 332 555 ]
[1  8  10] :	[ 728 431 452 ]
[2  8  10] :	[ 451 812 590 ]
[3  8  10] :	[ 831 160 501 ]
[4  8  10] :	[ 658 434 504 ]
[5  8  10] :	[ 594 752 165 ]
[6  8  10] :	[ 679 496 435 ]
[7  8  10] :	[ 246 388 249 ]
[8  8  10] :	[ 673 289 660 ]
[9  8  10] :	[ 472 420 595 ]
[10  8  10] :	[ 611 441 419 ]
[1  9  10] :	[ 665 192 475 ]
[2  9  10] :	[ 411 474 588 ]
[3  9  10] :	[ 378 548 409 ]
[4  9  10] :	[ 275 474 615 ]
[5  9  10] :	[ 591 481 366 ]
[6  9  10] :	[ 551 500 441 ]
[7  9  10] :	[ 531 260 374 ]
[8  9  10] :	[ 422 472 624 ]
[9  9  10] :	[ 506 412 748 ]
[10  9  10] :	[ 225 382 634 ]
[1  10  10] :	[ 232 922 480 ]
[2  10  10] :	[ 454 825 247 ]
[3  10  10] :	[ 334 523 607 ]
[4  10  10] :	[ 870 300 502 ]
[5  10  10] :	[ 589 557 423 ]
[6  10  10] :	[ 471 462 547 ]
[7  10  10] :	[ 350 475 680 ]
[8  10  10] :	[ 398 554 336 ]
[9  10  10] :	[ 146 653 723 ]
[10  10  10] :	[ 420 374 594 ]
