# Generated by GAMUT v1.0.1
# A Game With Normal Covariant Random Payoffs
# Game Parameter Values:
# Random seed:	1644574319500
# Cmd Line:	-g CovariantGame -r -0.2 -players 3 -actions 10 -normalize -min_payoff 0.01 -max_payoff 10 -int_payoffs -int_mult 100 -f CG_multi_3_10_7.txt
# Players:	3
# Actions:	10 10 10
# players:	3
# actions:	[10]
# r:	-0.2
[1  1  1] :	[ 581 677 716 ]
[2  1  1] :	[ 403 546 826 ]
[3  1  1] :	[ 300 569 451 ]
[4  1  1] :	[ 376 293 643 ]
[5  1  1] :	[ 634 580 571 ]
[6  1  1] :	[ 638 571 536 ]
[7  1  1] :	[ 451 839 407 ]
[8  1  1] :	[ 663 539 480 ]
[9  1  1] :	[ 532 519 671 ]
[10  1  1] :	[ 903 452 431 ]
[1  2  1] :	[ 626 615 559 ]
[2  2  1] :	[ 531 440 562 ]
[3  2  1] :	[ 635 431 684 ]
[4  2  1] :	[ 397 266 556 ]
[5  2  1] :	[ 413 769 622 ]
[6  2  1] :	[ 587 669 273 ]
[7  2  1] :	[ 647 494 584 ]
[8  2  1] :	[ 620 692 798 ]
[9  2  1] :	[ 535 266 490 ]
[10  2  1] :	[ 427 433 426 ]
[1  3  1] :	[ 883 435 524 ]
[2  3  1] :	[ 735 411 597 ]
[3  3  1] :	[ 669 565 606 ]
[4  3  1] :	[ 725 515 419 ]
[5  3  1] :	[ 412 584 571 ]
[6  3  1] :	[ 641 227 585 ]
[7  3  1] :	[ 604 343 619 ]
[8  3  1] :	[ 587 160 468 ]
[9  3  1] :	[ 343 687 727 ]
[10  3  1] :	[ 534 532 488 ]
[1  4  1] :	[ 497 720 649 ]
[2  4  1] :	[ 450 342 880 ]
[3  4  1] :	[ 309 486 487 ]
[4  4  1] :	[ 634 379 367 ]
[5  4  1] :	[ 172 616 654 ]
[6  4  1] :	[ 534 624 525 ]
[7  4  1] :	[ 617 537 556 ]
[8  4  1] :	[ 480 487 552 ]
[9  4  1] :	[ 722 429 448 ]
[10  4  1] :	[ 533 336 603 ]
[1  5  1] :	[ 309 509 743 ]
[2  5  1] :	[ 534 422 199 ]
[3  5  1] :	[ 243 669 558 ]
[4  5  1] :	[ 663 692 569 ]
[5  5  1] :	[ 496 368 433 ]
[6  5  1] :	[ 686 433 501 ]
[7  5  1] :	[ 682 630 318 ]
[8  5  1] :	[ 685 502 322 ]
[9  5  1] :	[ 369 703 620 ]
[10  5  1] :	[ 182 466 686 ]
[1  6  1] :	[ 667 473 319 ]
[2  6  1] :	[ 581 697 578 ]
[3  6  1] :	[ 702 633 492 ]
[4  6  1] :	[ 823 731 326 ]
[5  6  1] :	[ 486 492 415 ]
[6  6  1] :	[ 453 310 529 ]
[7  6  1] :	[ 463 317 592 ]
[8  6  1] :	[ 592 633 477 ]
[9  6  1] :	[ 343 750 508 ]
[10  6  1] :	[ 882 457 434 ]
[1  7  1] :	[ 409 510 608 ]
[2  7  1] :	[ 518 574 423 ]
[3  7  1] :	[ 343 362 438 ]
[4  7  1] :	[ 336 493 887 ]
[5  7  1] :	[ 297 467 604 ]
[6  7  1] :	[ 988 647 398 ]
[7  7  1] :	[ 790 502 682 ]
[8  7  1] :	[ 454 839 583 ]
[9  7  1] :	[ 378 696 494 ]
[10  7  1] :	[ 395 703 458 ]
[1  8  1] :	[ 621 690 478 ]
[2  8  1] :	[ 605 524 282 ]
[3  8  1] :	[ 383 439 673 ]
[4  8  1] :	[ 293 659 675 ]
[5  8  1] :	[ 456 220 583 ]
[6  8  1] :	[ 759 548 466 ]
[7  8  1] :	[ 484 715 520 ]
[8  8  1] :	[ 457 541 638 ]
[9  8  1] :	[ 556 501 576 ]
[10  8  1] :	[ 492 567 667 ]
[1  9  1] :	[ 743 533 525 ]
[2  9  1] :	[ 224 687 402 ]
[3  9  1] :	[ 475 751 355 ]
[4  9  1] :	[ 468 421 688 ]
[5  9  1] :	[ 306 515 640 ]
[6  9  1] :	[ 770 477 546 ]
[7  9  1] :	[ 514 514 593 ]
[8  9  1] :	[ 560 610 562 ]
[9  9  1] :	[ 516 540 655 ]
[10  9  1] :	[ 768 234 469 ]
[1  10  1] :	[ 515 414 347 ]
[2  10  1] :	[ 624 456 460 ]
[3  10  1] :	[ 690 725 683 ]
[4  10  1] :	[ 682 794 340 ]
[5  10  1] :	[ 580 753 431 ]
[6  10  1] :	[ 623 644 506 ]
[7  10  1] :	[ 571 353 618 ]
[8  10  1] :	[ 644 511 273 ]
[9  10  1] :	[ 498 760 394 ]
[10  10  1] :	[ 590 735 637 ]
[1  1  2] :	[ 549 583 574 ]
[2  1  2] :	[ 357 602 424 ]
[3  1  2] :	[ 390 565 336 ]
[4  1  2] :	[ 759 435 334 ]
[5  1  2] :	[ 694 167 677 ]
[6  1  2] :	[ 684 562 472 ]
[7  1  2] :	[ 663 550 586 ]
[8  1  2] :	[ 591 379 437 ]
[9  1  2] :	[ 463 394 527 ]
[10  1  2] :	[ 341 459 589 ]
[1  2  2] :	[ 649 510 468 ]
[2  2  2] :	[ 240 617 667 ]
[3  2  2] :	[ 727 498 395 ]
[4  2  2] :	[ 331 502 430 ]
[5  2  2] :	[ 319 564 612 ]
[6  2  2] :	[ 475 306 679 ]
[7  2  2] :	[ 400 498 627 ]
[8  2  2] :	[ 766 451 497 ]
[9  2  2] :	[ 374 458 575 ]
[10  2  2] :	[ 281 329 822 ]
[1  3  2] :	[ 592 221 421 ]
[2  3  2] :	[ 186 459 816 ]
[3  3  2] :	[ 387 585 434 ]
[4  3  2] :	[ 384 268 807 ]
[5  3  2] :	[ 611 376 667 ]
[6  3  2] :	[ 684 482 678 ]
[7  3  2] :	[ 748 506 672 ]
[8  3  2] :	[ 462 628 354 ]
[9  3  2] :	[ 347 407 689 ]
[10  3  2] :	[ 483 766 479 ]
[1  4  2] :	[ 385 481 556 ]
[2  4  2] :	[ 771 276 525 ]
[3  4  2] :	[ 494 708 551 ]
[4  4  2] :	[ 513 510 427 ]
[5  4  2] :	[ 442 512 727 ]
[6  4  2] :	[ 582 668 561 ]
[7  4  2] :	[ 391 781 587 ]
[8  4  2] :	[ 671 505 578 ]
[9  4  2] :	[ 565 712 536 ]
[10  4  2] :	[ 511 429 268 ]
[1  5  2] :	[ 296 701 608 ]
[2  5  2] :	[ 293 935 368 ]
[3  5  2] :	[ 608 485 691 ]
[4  5  2] :	[ 630 567 506 ]
[5  5  2] :	[ 452 364 456 ]
[6  5  2] :	[ 555 646 528 ]
[7  5  2] :	[ 593 543 761 ]
[8  5  2] :	[ 524 501 467 ]
[9  5  2] :	[ 323 604 650 ]
[10  5  2] :	[ 711 576 599 ]
[1  6  2] :	[ 214 563 631 ]
[2  6  2] :	[ 544 568 666 ]
[3  6  2] :	[ 490 450 368 ]
[4  6  2] :	[ 290 494 508 ]
[5  6  2] :	[ 614 425 461 ]
[6  6  2] :	[ 418 465 438 ]
[7  6  2] :	[ 354 719 385 ]
[8  6  2] :	[ 617 472 435 ]
[9  6  2] :	[ 471 360 650 ]
[10  6  2] :	[ 490 472 721 ]
[1  7  2] :	[ 456 315 768 ]
[2  7  2] :	[ 612 169 625 ]
[3  7  2] :	[ 692 502 520 ]
[4  7  2] :	[ 641 538 431 ]
[5  7  2] :	[ 421 665 450 ]
[6  7  2] :	[ 499 675 585 ]
[7  7  2] :	[ 426 265 924 ]
[8  7  2] :	[ 575 440 415 ]
[9  7  2] :	[ 624 764 614 ]
[10  7  2] :	[ 493 723 580 ]
[1  8  2] :	[ 455 465 577 ]
[2  8  2] :	[ 236 684 607 ]
[3  8  2] :	[ 747 525 625 ]
[4  8  2] :	[ 321 798 282 ]
[5  8  2] :	[ 578 479 466 ]
[6  8  2] :	[ 291 529 509 ]
[7  8  2] :	[ 318 485 373 ]
[8  8  2] :	[ 818 498 288 ]
[9  8  2] :	[ 604 270 657 ]
[10  8  2] :	[ 452 442 652 ]
[1  9  2] :	[ 426 540 435 ]
[2  9  2] :	[ 618 367 534 ]
[3  9  2] :	[ 489 719 251 ]
[4  9  2] :	[ 416 479 982 ]
[5  9  2] :	[ 438 486 561 ]
[6  9  2] :	[ 757 452 478 ]
[7  9  2] :	[ 332 585 545 ]
[8  9  2] :	[ 550 1 509 ]
[9  9  2] :	[ 501 517 664 ]
[10  9  2] :	[ 217 428 633 ]
[1  10  2] :	[ 507 595 470 ]
[2  10  2] :	[ 397 473 364 ]
[3  10  2] :	[ 576 560 648 ]
[4  10  2] :	[ 560 525 494 ]
[5  10  2] :	[ 526 470 795 ]
[6  10  2] :	[ 335 208 704 ]
[7  10  2] :	[ 405 450 748 ]
[8  10  2] :	[ 545 422 424 ]
[9  10  2] :	[ 533 469 601 ]
[10  10  2] :	[ 593 151 469 ]
[1  1  3] :	[ 288 559 640 ]
[2  1  3] :	[ 555 533 725 ]
[3  1  3] :	[ 640 446 509 ]
[4  1  3] :	[ 679 612 402 ]
[5  1  3] :	[ 625 440 799 ]
[6  1  3] :	[ 558 666 257 ]
[7  1  3] :	[ 418 371 531 ]
[8  1  3] :	[ 679 518 316 ]
[9  1  3] :	[ 570 565 249 ]
[10  1  3] :	[ 408 820 421 ]
[1  2  3] :	[ 602 599 475 ]
[2  2  3] :	[ 481 154 776 ]
[3  2  3] :	[ 486 722 427 ]
[4  2  3] :	[ 515 698 530 ]
[5  2  3] :	[ 630 632 433 ]
[6  2  3] :	[ 612 484 343 ]
[7  2  3] :	[ 563 325 888 ]
[8  2  3] :	[ 639 403 386 ]
[9  2  3] :	[ 493 500 610 ]
[10  2  3] :	[ 419 578 524 ]
[1  3  3] :	[ 435 723 644 ]
[2  3  3] :	[ 424 144 667 ]
[3  3  3] :	[ 674 537 518 ]
[4  3  3] :	[ 410 684 196 ]
[5  3  3] :	[ 511 680 424 ]
[6  3  3] :	[ 313 560 448 ]
[7  3  3] :	[ 614 447 458 ]
[8  3  3] :	[ 613 618 394 ]
[9  3  3] :	[ 564 614 741 ]
[10  3  3] :	[ 508 658 391 ]
[1  4  3] :	[ 444 726 472 ]
[2  4  3] :	[ 413 583 485 ]
[3  4  3] :	[ 289 583 809 ]
[4  4  3] :	[ 438 551 526 ]
[5  4  3] :	[ 654 453 693 ]
[6  4  3] :	[ 546 695 623 ]
[7  4  3] :	[ 511 541 530 ]
[8  4  3] :	[ 471 482 646 ]
[9  4  3] :	[ 632 389 765 ]
[10  4  3] :	[ 744 426 719 ]
[1  5  3] :	[ 697 424 273 ]
[2  5  3] :	[ 575 544 538 ]
[3  5  3] :	[ 389 476 662 ]
[4  5  3] :	[ 647 299 498 ]
[5  5  3] :	[ 610 577 120 ]
[6  5  3] :	[ 501 724 813 ]
[7  5  3] :	[ 746 482 553 ]
[8  5  3] :	[ 535 447 648 ]
[9  5  3] :	[ 839 466 606 ]
[10  5  3] :	[ 537 268 818 ]
[1  6  3] :	[ 404 535 508 ]
[2  6  3] :	[ 276 493 575 ]
[3  6  3] :	[ 493 328 496 ]
[4  6  3] :	[ 505 375 503 ]
[5  6  3] :	[ 185 626 418 ]
[6  6  3] :	[ 605 633 329 ]
[7  6  3] :	[ 420 472 529 ]
[8  6  3] :	[ 575 527 452 ]
[9  6  3] :	[ 524 639 466 ]
[10  6  3] :	[ 337 559 610 ]
[1  7  3] :	[ 575 532 446 ]
[2  7  3] :	[ 284 458 888 ]
[3  7  3] :	[ 447 553 479 ]
[4  7  3] :	[ 747 449 555 ]
[5  7  3] :	[ 475 172 615 ]
[6  7  3] :	[ 536 440 420 ]
[7  7  3] :	[ 263 295 466 ]
[8  7  3] :	[ 368 579 509 ]
[9  7  3] :	[ 509 445 403 ]
[10  7  3] :	[ 665 362 360 ]
[1  8  3] :	[ 486 349 475 ]
[2  8  3] :	[ 474 493 634 ]
[3  8  3] :	[ 436 401 787 ]
[4  8  3] :	[ 381 394 567 ]
[5  8  3] :	[ 621 535 549 ]
[6  8  3] :	[ 544 673 567 ]
[7  8  3] :	[ 470 786 401 ]
[8  8  3] :	[ 637 614 224 ]
[9  8  3] :	[ 434 365 812 ]
[10  8  3] :	[ 514 379 624 ]
[1  9  3] :	[ 723 598 152 ]
[2  9  3] :	[ 370 610 508 ]
[3  9  3] :	[ 607 376 412 ]
[4  9  3] :	[ 379 275 729 ]
[5  9  3] :	[ 370 725 639 ]
[6  9  3] :	[ 640 452 552 ]
[7  9  3] :	[ 487 512 510 ]
[8  9  3] :	[ 505 683 617 ]
[9  9  3] :	[ 240 798 343 ]
[10  9  3] :	[ 643 781 467 ]
[1  10  3] :	[ 418 575 267 ]
[2  10  3] :	[ 611 603 451 ]
[3  10  3] :	[ 637 376 468 ]
[4  10  3] :	[ 544 328 666 ]
[5  10  3] :	[ 334 536 648 ]
[6  10  3] :	[ 559 497 429 ]
[7  10  3] :	[ 351 732 479 ]
[8  10  3] :	[ 515 365 421 ]
[9  10  3] :	[ 583 642 252 ]
[10  10  3] :	[ 337 361 769 ]
[1  1  4] :	[ 401 750 512 ]
[2  1  4] :	[ 819 609 375 ]
[3  1  4] :	[ 560 526 675 ]
[4  1  4] :	[ 411 481 596 ]
[5  1  4] :	[ 399 529 902 ]
[6  1  4] :	[ 560 546 388 ]
[7  1  4] :	[ 189 541 532 ]
[8  1  4] :	[ 198 626 394 ]
[9  1  4] :	[ 549 446 562 ]
[10  1  4] :	[ 605 456 638 ]
[1  2  4] :	[ 317 913 277 ]
[2  2  4] :	[ 524 421 503 ]
[3  2  4] :	[ 631 404 730 ]
[4  2  4] :	[ 441 543 661 ]
[5  2  4] :	[ 432 520 424 ]
[6  2  4] :	[ 737 632 384 ]
[7  2  4] :	[ 204 569 751 ]
[8  2  4] :	[ 191 451 640 ]
[9  2  4] :	[ 576 424 577 ]
[10  2  4] :	[ 488 382 547 ]
[1  3  4] :	[ 808 482 316 ]
[2  3  4] :	[ 637 683 383 ]
[3  3  4] :	[ 539 510 524 ]
[4  3  4] :	[ 486 632 403 ]
[5  3  4] :	[ 708 510 232 ]
[6  3  4] :	[ 498 641 260 ]
[7  3  4] :	[ 613 436 506 ]
[8  3  4] :	[ 293 581 592 ]
[9  3  4] :	[ 650 478 562 ]
[10  3  4] :	[ 475 618 384 ]
[1  4  4] :	[ 514 852 481 ]
[2  4  4] :	[ 365 484 879 ]
[3  4  4] :	[ 477 684 521 ]
[4  4  4] :	[ 443 560 759 ]
[5  4  4] :	[ 477 292 422 ]
[6  4  4] :	[ 344 535 496 ]
[7  4  4] :	[ 691 606 374 ]
[8  4  4] :	[ 537 599 557 ]
[9  4  4] :	[ 460 423 528 ]
[10  4  4] :	[ 639 713 573 ]
[1  5  4] :	[ 753 516 354 ]
[2  5  4] :	[ 335 687 604 ]
[3  5  4] :	[ 692 476 491 ]
[4  5  4] :	[ 375 608 239 ]
[5  5  4] :	[ 606 263 235 ]
[6  5  4] :	[ 497 531 656 ]
[7  5  4] :	[ 426 420 379 ]
[8  5  4] :	[ 523 632 420 ]
[9  5  4] :	[ 629 227 611 ]
[10  5  4] :	[ 443 570 480 ]
[1  6  4] :	[ 749 337 592 ]
[2  6  4] :	[ 474 385 590 ]
[3  6  4] :	[ 189 533 651 ]
[4  6  4] :	[ 715 331 886 ]
[5  6  4] :	[ 531 468 383 ]
[6  6  4] :	[ 235 540 621 ]
[7  6  4] :	[ 712 148 617 ]
[8  6  4] :	[ 586 391 626 ]
[9  6  4] :	[ 333 561 632 ]
[10  6  4] :	[ 531 607 562 ]
[1  7  4] :	[ 487 833 414 ]
[2  7  4] :	[ 704 444 299 ]
[3  7  4] :	[ 390 325 828 ]
[4  7  4] :	[ 519 546 447 ]
[5  7  4] :	[ 595 650 370 ]
[6  7  4] :	[ 456 600 600 ]
[7  7  4] :	[ 437 550 388 ]
[8  7  4] :	[ 563 597 369 ]
[9  7  4] :	[ 211 573 564 ]
[10  7  4] :	[ 378 540 592 ]
[1  8  4] :	[ 526 569 520 ]
[2  8  4] :	[ 620 314 567 ]
[3  8  4] :	[ 596 633 661 ]
[4  8  4] :	[ 351 352 423 ]
[5  8  4] :	[ 463 567 438 ]
[6  8  4] :	[ 429 236 457 ]
[7  8  4] :	[ 433 425 489 ]
[8  8  4] :	[ 353 622 468 ]
[9  8  4] :	[ 449 587 560 ]
[10  8  4] :	[ 664 675 254 ]
[1  9  4] :	[ 511 496 417 ]
[2  9  4] :	[ 675 674 427 ]
[3  9  4] :	[ 773 695 394 ]
[4  9  4] :	[ 570 658 485 ]
[5  9  4] :	[ 158 644 591 ]
[6  9  4] :	[ 466 648 291 ]
[7  9  4] :	[ 516 706 416 ]
[8  9  4] :	[ 452 589 507 ]
[9  9  4] :	[ 484 522 869 ]
[10  9  4] :	[ 705 376 581 ]
[1  10  4] :	[ 421 708 515 ]
[2  10  4] :	[ 519 389 514 ]
[3  10  4] :	[ 40 707 504 ]
[4  10  4] :	[ 667 538 476 ]
[5  10  4] :	[ 352 286 611 ]
[6  10  4] :	[ 721 585 600 ]
[7  10  4] :	[ 312 641 607 ]
[8  10  4] :	[ 549 647 477 ]
[9  10  4] :	[ 391 640 575 ]
[10  10  4] :	[ 442 629 922 ]
[1  1  5] :	[ 527 423 742 ]
[2  1  5] :	[ 556 501 504 ]
[3  1  5] :	[ 362 484 772 ]
[4  1  5] :	[ 481 790 584 ]
[5  1  5] :	[ 760 447 372 ]
[6  1  5] :	[ 694 627 511 ]
[7  1  5] :	[ 719 541 748 ]
[8  1  5] :	[ 167 735 396 ]
[9  1  5] :	[ 313 718 613 ]
[10  1  5] :	[ 560 493 376 ]
[1  2  5] :	[ 337 666 702 ]
[2  2  5] :	[ 497 471 845 ]
[3  2  5] :	[ 193 623 589 ]
[4  2  5] :	[ 494 435 534 ]
[5  2  5] :	[ 651 627 606 ]
[6  2  5] :	[ 469 475 498 ]
[7  2  5] :	[ 517 833 444 ]
[8  2  5] :	[ 625 737 463 ]
[9  2  5] :	[ 409 810 419 ]
[10  2  5] :	[ 637 526 331 ]
[1  3  5] :	[ 412 489 639 ]
[2  3  5] :	[ 477 488 353 ]
[3  3  5] :	[ 829 230 489 ]
[4  3  5] :	[ 550 445 812 ]
[5  3  5] :	[ 834 452 411 ]
[6  3  5] :	[ 474 460 414 ]
[7  3  5] :	[ 647 531 704 ]
[8  3  5] :	[ 337 442 676 ]
[9  3  5] :	[ 601 575 654 ]
[10  3  5] :	[ 408 626 399 ]
[1  4  5] :	[ 392 554 548 ]
[2  4  5] :	[ 615 331 441 ]
[3  4  5] :	[ 405 179 439 ]
[4  4  5] :	[ 521 495 282 ]
[5  4  5] :	[ 421 633 659 ]
[6  4  5] :	[ 795 457 373 ]
[7  4  5] :	[ 572 870 329 ]
[8  4  5] :	[ 469 403 567 ]
[9  4  5] :	[ 427 719 552 ]
[10  4  5] :	[ 461 546 477 ]
[1  5  5] :	[ 753 718 847 ]
[2  5  5] :	[ 373 827 344 ]
[3  5  5] :	[ 321 651 387 ]
[4  5  5] :	[ 352 552 717 ]
[5  5  5] :	[ 309 473 764 ]
[6  5  5] :	[ 852 694 360 ]
[7  5  5] :	[ 472 631 434 ]
[8  5  5] :	[ 595 225 524 ]
[9  5  5] :	[ 413 584 784 ]
[10  5  5] :	[ 448 469 401 ]
[1  6  5] :	[ 500 534 301 ]
[2  6  5] :	[ 496 665 446 ]
[3  6  5] :	[ 596 487 575 ]
[4  6  5] :	[ 528 643 372 ]
[5  6  5] :	[ 646 456 617 ]
[6  6  5] :	[ 778 500 223 ]
[7  6  5] :	[ 494 652 245 ]
[8  6  5] :	[ 318 602 553 ]
[9  6  5] :	[ 438 753 470 ]
[10  6  5] :	[ 427 447 594 ]
[1  7  5] :	[ 444 432 442 ]
[2  7  5] :	[ 721 401 645 ]
[3  7  5] :	[ 420 497 547 ]
[4  7  5] :	[ 422 493 619 ]
[5  7  5] :	[ 638 720 520 ]
[6  7  5] :	[ 363 569 536 ]
[7  7  5] :	[ 337 618 364 ]
[8  7  5] :	[ 664 436 539 ]
[9  7  5] :	[ 430 307 426 ]
[10  7  5] :	[ 770 616 877 ]
[1  8  5] :	[ 409 496 526 ]
[2  8  5] :	[ 230 790 320 ]
[3  8  5] :	[ 571 266 646 ]
[4  8  5] :	[ 567 547 722 ]
[5  8  5] :	[ 583 472 512 ]
[6  8  5] :	[ 402 327 459 ]
[7  8  5] :	[ 595 390 658 ]
[8  8  5] :	[ 444 497 619 ]
[9  8  5] :	[ 510 339 591 ]
[10  8  5] :	[ 624 238 446 ]
[1  9  5] :	[ 409 589 701 ]
[2  9  5] :	[ 311 743 355 ]
[3  9  5] :	[ 145 566 541 ]
[4  9  5] :	[ 703 395 653 ]
[5  9  5] :	[ 497 623 539 ]
[6  9  5] :	[ 438 315 213 ]
[7  9  5] :	[ 706 609 161 ]
[8  9  5] :	[ 540 517 744 ]
[9  9  5] :	[ 253 507 536 ]
[10  9  5] :	[ 423 620 618 ]
[1  10  5] :	[ 495 535 569 ]
[2  10  5] :	[ 484 539 370 ]
[3  10  5] :	[ 739 513 555 ]
[4  10  5] :	[ 420 480 768 ]
[5  10  5] :	[ 485 644 549 ]
[6  10  5] :	[ 599 266 568 ]
[7  10  5] :	[ 641 440 416 ]
[8  10  5] :	[ 226 630 547 ]
[9  10  5] :	[ 499 158 472 ]
[10  10  5] :	[ 461 637 423 ]
[1  1  6] :	[ 302 504 574 ]
[2  1  6] :	[ 566 425 798 ]
[3  1  6] :	[ 595 260 450 ]
[4  1  6] :	[ 513 634 332 ]
[5  1  6] :	[ 473 425 454 ]
[6  1  6] :	[ 652 428 339 ]
[7  1  6] :	[ 428 396 668 ]
[8  1  6] :	[ 438 522 567 ]
[9  1  6] :	[ 604 613 449 ]
[10  1  6] :	[ 876 425 615 ]
[1  2  6] :	[ 497 402 662 ]
[2  2  6] :	[ 535 713 206 ]
[3  2  6] :	[ 706 438 375 ]
[4  2  6] :	[ 591 660 384 ]
[5  2  6] :	[ 705 559 465 ]
[6  2  6] :	[ 519 260 359 ]
[7  2  6] :	[ 757 684 466 ]
[8  2  6] :	[ 786 511 631 ]
[9  2  6] :	[ 824 548 605 ]
[10  2  6] :	[ 111 481 690 ]
[1  3  6] :	[ 722 486 266 ]
[2  3  6] :	[ 568 424 496 ]
[3  3  6] :	[ 423 366 292 ]
[4  3  6] :	[ 676 419 543 ]
[5  3  6] :	[ 293 622 715 ]
[6  3  6] :	[ 907 446 602 ]
[7  3  6] :	[ 686 383 416 ]
[8  3  6] :	[ 539 433 364 ]
[9  3  6] :	[ 612 394 767 ]
[10  3  6] :	[ 570 652 438 ]
[1  4  6] :	[ 286 348 598 ]
[2  4  6] :	[ 584 786 485 ]
[3  4  6] :	[ 386 659 592 ]
[4  4  6] :	[ 437 353 665 ]
[5  4  6] :	[ 544 213 718 ]
[6  4  6] :	[ 617 646 206 ]
[7  4  6] :	[ 515 559 397 ]
[8  4  6] :	[ 600 406 744 ]
[9  4  6] :	[ 200 496 608 ]
[10  4  6] :	[ 609 873 790 ]
[1  5  6] :	[ 454 469 406 ]
[2  5  6] :	[ 374 444 417 ]
[3  5  6] :	[ 275 416 884 ]
[4  5  6] :	[ 506 605 778 ]
[5  5  6] :	[ 498 605 439 ]
[6  5  6] :	[ 638 468 436 ]
[7  5  6] :	[ 610 473 642 ]
[8  5  6] :	[ 582 834 617 ]
[9  5  6] :	[ 585 574 380 ]
[10  5  6] :	[ 591 458 527 ]
[1  6  6] :	[ 600 537 477 ]
[2  6  6] :	[ 408 269 640 ]
[3  6  6] :	[ 685 384 471 ]
[4  6  6] :	[ 306 618 687 ]
[5  6  6] :	[ 537 708 279 ]
[6  6  6] :	[ 460 368 453 ]
[7  6  6] :	[ 582 493 438 ]
[8  6  6] :	[ 305 825 492 ]
[9  6  6] :	[ 303 638 432 ]
[10  6  6] :	[ 338 414 537 ]
[1  7  6] :	[ 368 513 345 ]
[2  7  6] :	[ 477 552 505 ]
[3  7  6] :	[ 523 666 866 ]
[4  7  6] :	[ 354 702 682 ]
[5  7  6] :	[ 548 414 419 ]
[6  7  6] :	[ 547 466 823 ]
[7  7  6] :	[ 398 635 137 ]
[8  7  6] :	[ 447 601 490 ]
[9  7  6] :	[ 309 349 795 ]
[10  7  6] :	[ 564 609 533 ]
[1  8  6] :	[ 525 534 447 ]
[2  8  6] :	[ 485 749 539 ]
[3  8  6] :	[ 635 601 354 ]
[4  8  6] :	[ 373 233 246 ]
[5  8  6] :	[ 592 548 575 ]
[6  8  6] :	[ 386 687 531 ]
[7  8  6] :	[ 514 632 405 ]
[8  8  6] :	[ 277 456 682 ]
[9  8  6] :	[ 590 533 472 ]
[10  8  6] :	[ 450 700 517 ]
[1  9  6] :	[ 518 524 534 ]
[2  9  6] :	[ 593 699 519 ]
[3  9  6] :	[ 758 507 546 ]
[4  9  6] :	[ 269 369 758 ]
[5  9  6] :	[ 406 688 616 ]
[6  9  6] :	[ 611 608 611 ]
[7  9  6] :	[ 726 395 255 ]
[8  9  6] :	[ 460 627 494 ]
[9  9  6] :	[ 731 412 590 ]
[10  9  6] :	[ 616 486 249 ]
[1  10  6] :	[ 570 418 403 ]
[2  10  6] :	[ 684 493 627 ]
[3  10  6] :	[ 515 656 716 ]
[4  10  6] :	[ 704 553 565 ]
[5  10  6] :	[ 551 438 582 ]
[6  10  6] :	[ 597 619 341 ]
[7  10  6] :	[ 613 95 719 ]
[8  10  6] :	[ 458 263 481 ]
[9  10  6] :	[ 648 405 608 ]
[10  10  6] :	[ 585 614 434 ]
[1  1  7] :	[ 473 400 421 ]
[2  1  7] :	[ 594 616 503 ]
[3  1  7] :	[ 385 849 703 ]
[4  1  7] :	[ 644 526 372 ]
[5  1  7] :	[ 522 454 417 ]
[6  1  7] :	[ 600 439 520 ]
[7  1  7] :	[ 810 731 549 ]
[8  1  7] :	[ 311 358 677 ]
[9  1  7] :	[ 209 830 580 ]
[10  1  7] :	[ 409 743 856 ]
[1  2  7] :	[ 555 622 539 ]
[2  2  7] :	[ 384 524 802 ]
[3  2  7] :	[ 462 460 768 ]
[4  2  7] :	[ 304 611 628 ]
[5  2  7] :	[ 715 432 361 ]
[6  2  7] :	[ 283 530 744 ]
[7  2  7] :	[ 420 722 365 ]
[8  2  7] :	[ 326 557 482 ]
[9  2  7] :	[ 491 541 642 ]
[10  2  7] :	[ 387 566 754 ]
[1  3  7] :	[ 496 649 362 ]
[2  3  7] :	[ 537 445 720 ]
[3  3  7] :	[ 658 471 621 ]
[4  3  7] :	[ 645 589 622 ]
[5  3  7] :	[ 554 440 561 ]
[6  3  7] :	[ 794 346 601 ]
[7  3  7] :	[ 444 636 178 ]
[8  3  7] :	[ 301 692 751 ]
[9  3  7] :	[ 586 728 639 ]
[10  3  7] :	[ 644 748 492 ]
[1  4  7] :	[ 543 504 437 ]
[2  4  7] :	[ 603 595 579 ]
[3  4  7] :	[ 356 628 515 ]
[4  4  7] :	[ 658 531 306 ]
[5  4  7] :	[ 502 727 550 ]
[6  4  7] :	[ 557 638 586 ]
[7  4  7] :	[ 353 402 714 ]
[8  4  7] :	[ 850 402 372 ]
[9  4  7] :	[ 535 614 575 ]
[10  4  7] :	[ 671 416 439 ]
[1  5  7] :	[ 570 794 743 ]
[2  5  7] :	[ 606 520 398 ]
[3  5  7] :	[ 574 534 477 ]
[4  5  7] :	[ 269 564 600 ]
[5  5  7] :	[ 732 568 562 ]
[6  5  7] :	[ 562 651 620 ]
[7  5  7] :	[ 257 573 379 ]
[8  5  7] :	[ 588 358 544 ]
[9  5  7] :	[ 484 578 489 ]
[10  5  7] :	[ 665 582 587 ]
[1  6  7] :	[ 380 669 556 ]
[2  6  7] :	[ 351 653 433 ]
[3  6  7] :	[ 606 562 676 ]
[4  6  7] :	[ 614 507 704 ]
[5  6  7] :	[ 462 485 408 ]
[6  6  7] :	[ 650 691 493 ]
[7  6  7] :	[ 699 687 402 ]
[8  6  7] :	[ 460 788 487 ]
[9  6  7] :	[ 233 671 733 ]
[10  6  7] :	[ 591 351 438 ]
[1  7  7] :	[ 487 430 896 ]
[2  7  7] :	[ 745 314 404 ]
[3  7  7] :	[ 516 543 414 ]
[4  7  7] :	[ 636 313 494 ]
[5  7  7] :	[ 498 776 611 ]
[6  7  7] :	[ 593 711 386 ]
[7  7  7] :	[ 674 540 672 ]
[8  7  7] :	[ 810 491 194 ]
[9  7  7] :	[ 722 554 695 ]
[10  7  7] :	[ 644 630 493 ]
[1  8  7] :	[ 604 575 312 ]
[2  8  7] :	[ 718 291 358 ]
[3  8  7] :	[ 385 418 535 ]
[4  8  7] :	[ 340 397 571 ]
[5  8  7] :	[ 636 249 470 ]
[6  8  7] :	[ 330 695 586 ]
[7  8  7] :	[ 481 575 529 ]
[8  8  7] :	[ 370 594 569 ]
[9  8  7] :	[ 568 472 538 ]
[10  8  7] :	[ 581 696 685 ]
[1  9  7] :	[ 365 450 805 ]
[2  9  7] :	[ 584 398 642 ]
[3  9  7] :	[ 809 360 589 ]
[4  9  7] :	[ 605 390 561 ]
[5  9  7] :	[ 562 457 243 ]
[6  9  7] :	[ 450 478 490 ]
[7  9  7] :	[ 481 593 669 ]
[8  9  7] :	[ 145 732 542 ]
[9  9  7] :	[ 269 399 765 ]
[10  9  7] :	[ 270 679 811 ]
[1  10  7] :	[ 475 785 334 ]
[2  10  7] :	[ 738 317 548 ]
[3  10  7] :	[ 461 678 676 ]
[4  10  7] :	[ 457 697 603 ]
[5  10  7] :	[ 652 277 510 ]
[6  10  7] :	[ 468 515 613 ]
[7  10  7] :	[ 617 423 366 ]
[8  10  7] :	[ 656 439 594 ]
[9  10  7] :	[ 647 402 482 ]
[10  10  7] :	[ 455 560 484 ]
[1  1  8] :	[ 455 335 721 ]
[2  1  8] :	[ 511 511 365 ]
[3  1  8] :	[ 447 182 816 ]
[4  1  8] :	[ 477 631 316 ]
[5  1  8] :	[ 588 531 501 ]
[6  1  8] :	[ 429 380 449 ]
[7  1  8] :	[ 337 508 615 ]
[8  1  8] :	[ 376 253 856 ]
[9  1  8] :	[ 686 288 655 ]
[10  1  8] :	[ 462 434 753 ]
[1  2  8] :	[ 599 634 461 ]
[2  2  8] :	[ 625 567 613 ]
[3  2  8] :	[ 292 496 449 ]
[4  2  8] :	[ 412 693 744 ]
[5  2  8] :	[ 459 563 437 ]
[6  2  8] :	[ 518 482 636 ]
[7  2  8] :	[ 441 321 514 ]
[8  2  8] :	[ 270 479 488 ]
[9  2  8] :	[ 491 442 721 ]
[10  2  8] :	[ 554 447 614 ]
[1  3  8] :	[ 360 779 557 ]
[2  3  8] :	[ 345 632 798 ]
[3  3  8] :	[ 681 598 742 ]
[4  3  8] :	[ 209 284 512 ]
[5  3  8] :	[ 564 650 256 ]
[6  3  8] :	[ 381 332 822 ]
[7  3  8] :	[ 576 571 547 ]
[8  3  8] :	[ 789 476 589 ]
[9  3  8] :	[ 612 365 458 ]
[10  3  8] :	[ 676 718 499 ]
[1  4  8] :	[ 477 463 265 ]
[2  4  8] :	[ 531 491 316 ]
[3  4  8] :	[ 448 518 408 ]
[4  4  8] :	[ 429 442 298 ]
[5  4  8] :	[ 534 688 732 ]
[6  4  8] :	[ 268 482 549 ]
[7  4  8] :	[ 474 513 658 ]
[8  4  8] :	[ 465 779 433 ]
[9  4  8] :	[ 629 641 651 ]
[10  4  8] :	[ 573 505 453 ]
[1  5  8] :	[ 444 575 572 ]
[2  5  8] :	[ 638 481 536 ]
[3  5  8] :	[ 457 704 676 ]
[4  5  8] :	[ 958 334 389 ]
[5  5  8] :	[ 448 389 621 ]
[6  5  8] :	[ 797 369 481 ]
[7  5  8] :	[ 370 460 744 ]
[8  5  8] :	[ 429 406 594 ]
[9  5  8] :	[ 526 558 485 ]
[10  5  8] :	[ 474 487 368 ]
[1  6  8] :	[ 444 787 555 ]
[2  6  8] :	[ 547 708 488 ]
[3  6  8] :	[ 499 503 593 ]
[4  6  8] :	[ 412 446 273 ]
[5  6  8] :	[ 480 395 564 ]
[6  6  8] :	[ 398 485 295 ]
[7  6  8] :	[ 308 685 562 ]
[8  6  8] :	[ 783 465 444 ]
[9  6  8] :	[ 639 325 575 ]
[10  6  8] :	[ 372 568 556 ]
[1  7  8] :	[ 721 502 602 ]
[2  7  8] :	[ 455 674 509 ]
[3  7  8] :	[ 333 405 506 ]
[4  7  8] :	[ 326 650 623 ]
[5  7  8] :	[ 579 430 244 ]
[6  7  8] :	[ 688 434 498 ]
[7  7  8] :	[ 744 717 412 ]
[8  7  8] :	[ 460 576 774 ]
[9  7  8] :	[ 533 543 490 ]
[10  7  8] :	[ 711 622 522 ]
[1  8  8] :	[ 568 542 629 ]
[2  8  8] :	[ 241 534 717 ]
[3  8  8] :	[ 602 507 391 ]
[4  8  8] :	[ 678 713 501 ]
[5  8  8] :	[ 517 483 331 ]
[6  8  8] :	[ 548 684 330 ]
[7  8  8] :	[ 531 705 395 ]
[8  8  8] :	[ 458 643 544 ]
[9  8  8] :	[ 509 674 278 ]
[10  8  8] :	[ 805 628 549 ]
[1  9  8] :	[ 733 734 260 ]
[2  9  8] :	[ 608 537 282 ]
[3  9  8] :	[ 551 410 511 ]
[4  9  8] :	[ 628 740 456 ]
[5  9  8] :	[ 544 536 506 ]
[6  9  8] :	[ 591 495 505 ]
[7  9  8] :	[ 466 558 429 ]
[8  9  8] :	[ 444 360 407 ]
[9  9  8] :	[ 594 621 487 ]
[10  9  8] :	[ 686 389 579 ]
[1  10  8] :	[ 555 618 870 ]
[2  10  8] :	[ 511 282 466 ]
[3  10  8] :	[ 304 729 494 ]
[4  10  8] :	[ 479 532 434 ]
[5  10  8] :	[ 697 272 685 ]
[6  10  8] :	[ 570 491 359 ]
[7  10  8] :	[ 585 327 734 ]
[8  10  8] :	[ 489 404 595 ]
[9  10  8] :	[ 491 495 407 ]
[10  10  8] :	[ 539 603 667 ]
[1  1  9] :	[ 428 532 454 ]
[2  1  9] :	[ 570 557 391 ]
[3  1  9] :	[ 602 277 672 ]
[4  1  9] :	[ 579 475 480 ]
[5  1  9] :	[ 648 503 548 ]
[6  1  9] :	[ 536 482 586 ]
[7  1  9] :	[ 516 913 380 ]
[8  1  9] :	[ 805 457 576 ]
[9  1  9] :	[ 448 508 612 ]
[10  1  9] :	[ 745 697 445 ]
[1  2  9] :	[ 651 460 494 ]
[2  2  9] :	[ 614 656 232 ]
[3  2  9] :	[ 441 582 825 ]
[4  2  9] :	[ 317 885 671 ]
[5  2  9] :	[ 384 452 383 ]
[6  2  9] :	[ 317 426 625 ]
[7  2  9] :	[ 821 487 547 ]
[8  2  9] :	[ 541 506 400 ]
[9  2  9] :	[ 604 364 844 ]
[10  2  9] :	[ 664 254 554 ]
[1  3  9] :	[ 419 612 489 ]
[2  3  9] :	[ 623 622 459 ]
[3  3  9] :	[ 476 643 271 ]
[4  3  9] :	[ 501 778 260 ]
[5  3  9] :	[ 352 706 617 ]
[6  3  9] :	[ 778 641 496 ]
[7  3  9] :	[ 652 622 420 ]
[8  3  9] :	[ 532 563 538 ]
[9  3  9] :	[ 533 450 478 ]
[10  3  9] :	[ 470 471 466 ]
[1  4  9] :	[ 279 506 278 ]
[2  4  9] :	[ 254 669 517 ]
[3  4  9] :	[ 491 361 843 ]
[4  4  9] :	[ 696 584 631 ]
[5  4  9] :	[ 680 431 626 ]
[6  4  9] :	[ 367 749 653 ]
[7  4  9] :	[ 508 475 441 ]
[8  4  9] :	[ 486 408 331 ]
[9  4  9] :	[ 587 554 656 ]
[10  4  9] :	[ 402 492 566 ]
[1  5  9] :	[ 332 594 580 ]
[2  5  9] :	[ 801 557 635 ]
[3  5  9] :	[ 666 605 215 ]
[4  5  9] :	[ 874 652 525 ]
[5  5  9] :	[ 462 499 546 ]
[6  5  9] :	[ 292 504 300 ]
[7  5  9] :	[ 402 688 577 ]
[8  5  9] :	[ 483 396 618 ]
[9  5  9] :	[ 972 352 558 ]
[10  5  9] :	[ 488 595 689 ]
[1  6  9] :	[ 364 665 647 ]
[2  6  9] :	[ 455 413 600 ]
[3  6  9] :	[ 476 591 764 ]
[4  6  9] :	[ 526 285 885 ]
[5  6  9] :	[ 339 600 604 ]
[6  6  9] :	[ 730 659 720 ]
[7  6  9] :	[ 754 376 522 ]
[8  6  9] :	[ 376 481 560 ]
[9  6  9] :	[ 626 365 618 ]
[10  6  9] :	[ 615 535 522 ]
[1  7  9] :	[ 526 589 317 ]
[2  7  9] :	[ 637 265 241 ]
[3  7  9] :	[ 682 604 410 ]
[4  7  9] :	[ 358 408 526 ]
[5  7  9] :	[ 738 563 401 ]
[6  7  9] :	[ 591 522 308 ]
[7  7  9] :	[ 543 480 567 ]
[8  7  9] :	[ 616 450 769 ]
[9  7  9] :	[ 280 359 686 ]
[10  7  9] :	[ 455 591 538 ]
[1  8  9] :	[ 628 547 513 ]
[2  8  9] :	[ 501 304 488 ]
[3  8  9] :	[ 437 356 317 ]
[4  8  9] :	[ 589 677 376 ]
[5  8  9] :	[ 371 436 573 ]
[6  8  9] :	[ 418 801 452 ]
[7  8  9] :	[ 696 436 625 ]
[8  8  9] :	[ 485 621 694 ]
[9  8  9] :	[ 618 411 911 ]
[10  8  9] :	[ 387 532 414 ]
[1  9  9] :	[ 678 503 548 ]
[2  9  9] :	[ 753 5 469 ]
[3  9  9] :	[ 773 545 680 ]
[4  9  9] :	[ 510 684 313 ]
[5  9  9] :	[ 436 765 500 ]
[6  9  9] :	[ 645 356 714 ]
[7  9  9] :	[ 756 435 575 ]
[8  9  9] :	[ 554 654 622 ]
[9  9  9] :	[ 631 360 635 ]
[10  9  9] :	[ 717 554 754 ]
[1  10  9] :	[ 559 617 306 ]
[2  10  9] :	[ 485 431 636 ]
[3  10  9] :	[ 629 266 625 ]
[4  10  9] :	[ 369 327 695 ]
[5  10  9] :	[ 391 415 670 ]
[6  10  9] :	[ 622 528 355 ]
[7  10  9] :	[ 519 473 700 ]
[8  10  9] :	[ 518 626 359 ]
[9  10  9] :	[ 518 703 491 ]
[10  10  9] :	[ 561 616 352 ]
[1  1  10] :	[ 612 357 382 ]
[2  1  10] :	[ 408 367 476 ]
[3  1  10] :	[ 583 671 490 ]
[4  1  10] :	[ 180 472 665 ]
[5  1  10] :	[ 506 378 554 ]
[6  1  10] :	[ 508 534 295 ]
[7  1  10] :	[ 635 420 660 ]
[8  1  10] :	[ 452 360 692 ]
[9  1  10] :	[ 339 677 452 ]
[10  1  10] :	[ 747 409 277 ]
[1  2  10] :	[ 425 647 452 ]
[2  2  10] :	[ 704 205 571 ]
[3  2  10] :	[ 666 379 529 ]
[4  2  10] :	[ 508 321 460 ]
[5  2  10] :	[ 626 378 421 ]
[6  2  10] :	[ 409 503 231 ]
[7  2  10] :	[ 472 566 446 ]
[8  2  10] :	[ 606 467 632 ]
[9  2  10] :	[ 719 639 312 ]
[10  2  10] :	[ 557 363 708 ]
[1  3  10] :	[ 554 331 585 ]
[2  3  10] :	[ 529 524 551 ]
[3  3  10] :	[ 624 541 510 ]
[4  3  10] :	[ 624 551 606 ]
[5  3  10] :	[ 415 446 547 ]
[6  3  10] :	[ 403 829 364 ]
[7  3  10] :	[ 349 652 247 ]
[8  3  10] :	[ 257 563 540 ]
[9  3  10] :	[ 416 171 512 ]
[10  3  10] :	[ 497 676 177 ]
[1  4  10] :	[ 340 454 841 ]
[2  4  10] :	[ 699 678 315 ]
[3  4  10] :	[ 907 575 582 ]
[4  4  10] :	[ 578 347 350 ]
[5  4  10] :	[ 420 343 534 ]
[6  4  10] :	[ 355 329 953 ]
[7  4  10] :	[ 641 400 299 ]
[8  4  10] :	[ 583 356 498 ]
[9  4  10] :	[ 632 359 295 ]
[10  4  10] :	[ 493 696 481 ]
[1  5  10] :	[ 404 624 447 ]
[2  5  10] :	[ 527 764 382 ]
[3  5  10] :	[ 374 569 417 ]
[4  5  10] :	[ 375 770 599 ]
[5  5  10] :	[ 399 442 615 ]
[6  5  10] :	[ 417 572 388 ]
[7  5  10] :	[ 555 701 631 ]
[8  5  10] :	[ 510 540 306 ]
[9  5  10] :	[ 359 463 585 ]
[10  5  10] :	[ 657 879 526 ]
[1  6  10] :	[ 789 224 586 ]
[2  6  10] :	[ 516 680 460 ]
[3  6  10] :	[ 517 349 199 ]
[4  6  10] :	[ 630 546 220 ]
[5  6  10] :	[ 559 297 538 ]
[6  6  10] :	[ 599 604 391 ]
[7  6  10] :	[ 498 644 438 ]
[8  6  10] :	[ 327 527 826 ]
[9  6  10] :	[ 289 589 559 ]
[10  6  10] :	[ 698 552 441 ]
[1  7  10] :	[ 500 352 466 ]
[2  7  10] :	[ 484 527 534 ]
[3  7  10] :	[ 191 638 491 ]
[4  7  10] :	[ 559 457 382 ]
[5  7  10] :	[ 719 414 381 ]
[6  7  10] :	[ 652 564 190 ]
[7  7  10] :	[ 1000 614 288 ]
[8  7  10] :	[ 121 593 419 ]
[9  7  10] :	[ 700 800 340 ]
[10  7  10] :	[ 531 634 318 ]
[1  8  10] :	[ 363 398 605 ]
[2  8  10] :	[ 543 224 535 ]
[3  8  10] :	[ 376 742 764 ]
[4  8  10] :	[ 636 630 291 ]
[5  8  10] :	[ 487 778 716 ]
[6  8  10] :	[ 395 570 730 ]
[7  8  10] :	[ 517 561 555 ]
[8  8  10] :	[ 616 546 439 ]
[9  8  10] :	[ 264 612 543 ]
[10  8  10] :	[ 607 576 263 ]
[1  9  10] :	[ 333 552 517 ]
[2  9  10] :	[ 266 734 560 ]
[3  9  10] :	[ 638 586 732 ]
[4  9  10] :	[ 463 568 598 ]
[5  9  10] :	[ 747 458 415 ]
[6  9  10] :	[ 682 381 465 ]
[7  9  10] :	[ 555 588 389 ]
[8  9  10] :	[ 496 565 539 ]
[9  9  10] :	[ 330 492 649 ]
[10  9  10] :	[ 631 225 503 ]
[1  10  10] :	[ 315 767 708 ]
[2  10  10] :	[ 725 407 587 ]
[3  10  10] :	[ 603 262 471 ]
[4  10  10] :	[ 550 426 498 ]
[5  10  10] :	[ 646 760 453 ]
[6  10  10] :	[ 304 793 622 ]
[7  10  10] :	[ 464 643 477 ]
[8  10  10] :	[ 279 549 563 ]
[9  10  10] :	[ 668 370 500 ]
[10  10  10] :	[ 604 529 486 ]
