# Generated by GAMUT v1.0.1
# A Game With Normal Covariant Random Payoffs
# Game Parameter Values:
# Random seed:	1644574305256
# Cmd Line:	-g CovariantGame -r -0.2 -players 3 -actions 10 -normalize -min_payoff 0.01 -max_payoff 10 -int_payoffs -int_mult 100 -f CG_multi_3_10_1.txt
# Players:	3
# Actions:	10 10 10
# players:	3
# actions:	[10]
# r:	-0.2
[1  1  1] :	[ 538 338 440 ]
[2  1  1] :	[ 621 404 458 ]
[3  1  1] :	[ 424 531 553 ]
[4  1  1] :	[ 483 708 546 ]
[5  1  1] :	[ 377 508 515 ]
[6  1  1] :	[ 403 402 620 ]
[7  1  1] :	[ 684 431 313 ]
[8  1  1] :	[ 488 636 258 ]
[9  1  1] :	[ 489 570 667 ]
[10  1  1] :	[ 360 520 548 ]
[1  2  1] :	[ 261 583 449 ]
[2  2  1] :	[ 436 595 412 ]
[3  2  1] :	[ 587 514 219 ]
[4  2  1] :	[ 545 508 336 ]
[5  2  1] :	[ 474 466 423 ]
[6  2  1] :	[ 395 390 399 ]
[7  2  1] :	[ 293 688 582 ]
[8  2  1] :	[ 581 430 502 ]
[9  2  1] :	[ 460 404 706 ]
[10  2  1] :	[ 543 647 275 ]
[1  3  1] :	[ 589 431 225 ]
[2  3  1] :	[ 588 349 551 ]
[3  3  1] :	[ 398 618 334 ]
[4  3  1] :	[ 590 200 585 ]
[5  3  1] :	[ 574 585 458 ]
[6  3  1] :	[ 470 532 329 ]
[7  3  1] :	[ 548 583 451 ]
[8  3  1] :	[ 560 401 491 ]
[9  3  1] :	[ 420 475 508 ]
[10  3  1] :	[ 510 408 249 ]
[1  4  1] :	[ 533 644 395 ]
[2  4  1] :	[ 435 310 630 ]
[3  4  1] :	[ 429 305 623 ]
[4  4  1] :	[ 642 576 461 ]
[5  4  1] :	[ 687 478 235 ]
[6  4  1] :	[ 514 510 497 ]
[7  4  1] :	[ 479 679 491 ]
[8  4  1] :	[ 352 645 469 ]
[9  4  1] :	[ 414 571 544 ]
[10  4  1] :	[ 226 349 453 ]
[1  5  1] :	[ 546 536 588 ]
[2  5  1] :	[ 415 456 416 ]
[3  5  1] :	[ 446 611 388 ]
[4  5  1] :	[ 522 781 166 ]
[5  5  1] :	[ 574 304 688 ]
[6  5  1] :	[ 377 452 457 ]
[7  5  1] :	[ 599 299 574 ]
[8  5  1] :	[ 496 671 213 ]
[9  5  1] :	[ 476 302 520 ]
[10  5  1] :	[ 523 407 562 ]
[1  6  1] :	[ 368 486 366 ]
[2  6  1] :	[ 551 576 360 ]
[3  6  1] :	[ 255 776 362 ]
[4  6  1] :	[ 327 503 472 ]
[5  6  1] :	[ 560 326 504 ]
[6  6  1] :	[ 304 607 309 ]
[7  6  1] :	[ 498 409 479 ]
[8  6  1] :	[ 444 489 510 ]
[9  6  1] :	[ 321 530 627 ]
[10  6  1] :	[ 577 691 468 ]
[1  7  1] :	[ 558 377 432 ]
[2  7  1] :	[ 562 627 289 ]
[3  7  1] :	[ 457 663 317 ]
[4  7  1] :	[ 687 524 286 ]
[5  7  1] :	[ 456 660 678 ]
[6  7  1] :	[ 397 475 361 ]
[7  7  1] :	[ 442 647 410 ]
[8  7  1] :	[ 398 303 471 ]
[9  7  1] :	[ 472 640 501 ]
[10  7  1] :	[ 88 591 656 ]
[1  8  1] :	[ 268 289 842 ]
[2  8  1] :	[ 426 221 489 ]
[3  8  1] :	[ 439 287 534 ]
[4  8  1] :	[ 555 466 535 ]
[5  8  1] :	[ 621 319 672 ]
[6  8  1] :	[ 546 576 335 ]
[7  8  1] :	[ 412 448 587 ]
[8  8  1] :	[ 335 469 585 ]
[9  8  1] :	[ 596 570 345 ]
[10  8  1] :	[ 647 492 512 ]
[1  9  1] :	[ 845 334 616 ]
[2  9  1] :	[ 522 388 433 ]
[3  9  1] :	[ 613 359 554 ]
[4  9  1] :	[ 475 442 620 ]
[5  9  1] :	[ 302 80 714 ]
[6  9  1] :	[ 429 412 539 ]
[7  9  1] :	[ 610 594 489 ]
[8  9  1] :	[ 425 393 522 ]
[9  9  1] :	[ 684 374 510 ]
[10  9  1] :	[ 261 354 582 ]
[1  10  1] :	[ 533 601 451 ]
[2  10  1] :	[ 436 359 423 ]
[3  10  1] :	[ 648 422 388 ]
[4  10  1] :	[ 599 282 538 ]
[5  10  1] :	[ 503 619 452 ]
[6  10  1] :	[ 649 469 557 ]
[7  10  1] :	[ 615 336 432 ]
[8  10  1] :	[ 573 193 713 ]
[9  10  1] :	[ 223 534 703 ]
[10  10  1] :	[ 507 303 613 ]
[1  1  2] :	[ 411 452 660 ]
[2  1  2] :	[ 406 463 386 ]
[3  1  2] :	[ 422 602 529 ]
[4  1  2] :	[ 736 582 480 ]
[5  1  2] :	[ 348 504 476 ]
[6  1  2] :	[ 470 508 484 ]
[7  1  2] :	[ 492 454 366 ]
[8  1  2] :	[ 474 642 131 ]
[9  1  2] :	[ 647 543 585 ]
[10  1  2] :	[ 493 659 383 ]
[1  2  2] :	[ 731 677 396 ]
[2  2  2] :	[ 239 768 609 ]
[3  2  2] :	[ 583 476 490 ]
[4  2  2] :	[ 399 544 438 ]
[5  2  2] :	[ 452 587 477 ]
[6  2  2] :	[ 609 380 324 ]
[7  2  2] :	[ 396 360 418 ]
[8  2  2] :	[ 500 633 522 ]
[9  2  2] :	[ 246 667 451 ]
[10  2  2] :	[ 460 415 488 ]
[1  3  2] :	[ 478 578 474 ]
[2  3  2] :	[ 331 407 594 ]
[3  3  2] :	[ 488 597 636 ]
[4  3  2] :	[ 696 255 414 ]
[5  3  2] :	[ 384 523 285 ]
[6  3  2] :	[ 483 686 541 ]
[7  3  2] :	[ 693 299 336 ]
[8  3  2] :	[ 809 543 468 ]
[9  3  2] :	[ 410 410 202 ]
[10  3  2] :	[ 558 356 645 ]
[1  4  2] :	[ 550 459 569 ]
[2  4  2] :	[ 312 409 498 ]
[3  4  2] :	[ 701 668 305 ]
[4  4  2] :	[ 534 231 742 ]
[5  4  2] :	[ 531 406 259 ]
[6  4  2] :	[ 396 361 439 ]
[7  4  2] :	[ 391 484 238 ]
[8  4  2] :	[ 418 486 463 ]
[9  4  2] :	[ 264 286 268 ]
[10  4  2] :	[ 310 619 577 ]
[1  5  2] :	[ 593 389 373 ]
[2  5  2] :	[ 334 510 898 ]
[3  5  2] :	[ 545 369 524 ]
[4  5  2] :	[ 325 493 473 ]
[5  5  2] :	[ 302 543 708 ]
[6  5  2] :	[ 367 728 516 ]
[7  5  2] :	[ 450 655 462 ]
[8  5  2] :	[ 272 291 491 ]
[9  5  2] :	[ 542 592 224 ]
[10  5  2] :	[ 412 321 598 ]
[1  6  2] :	[ 671 548 451 ]
[2  6  2] :	[ 557 260 525 ]
[3  6  2] :	[ 526 382 591 ]
[4  6  2] :	[ 477 634 613 ]
[5  6  2] :	[ 535 507 570 ]
[6  6  2] :	[ 479 668 638 ]
[7  6  2] :	[ 441 463 374 ]
[8  6  2] :	[ 666 540 255 ]
[9  6  2] :	[ 320 496 611 ]
[10  6  2] :	[ 485 535 640 ]
[1  7  2] :	[ 442 362 582 ]
[2  7  2] :	[ 424 560 171 ]
[3  7  2] :	[ 413 520 457 ]
[4  7  2] :	[ 469 474 654 ]
[5  7  2] :	[ 437 721 1 ]
[6  7  2] :	[ 481 604 469 ]
[7  7  2] :	[ 204 784 508 ]
[8  7  2] :	[ 636 326 301 ]
[9  7  2] :	[ 391 324 670 ]
[10  7  2] :	[ 225 163 641 ]
[1  8  2] :	[ 513 512 473 ]
[2  8  2] :	[ 537 624 680 ]
[3  8  2] :	[ 370 485 420 ]
[4  8  2] :	[ 360 311 549 ]
[5  8  2] :	[ 456 169 584 ]
[6  8  2] :	[ 384 531 333 ]
[7  8  2] :	[ 551 502 589 ]
[8  8  2] :	[ 503 425 482 ]
[9  8  2] :	[ 425 552 376 ]
[10  8  2] :	[ 413 535 299 ]
[1  9  2] :	[ 472 352 574 ]
[2  9  2] :	[ 389 341 449 ]
[3  9  2] :	[ 475 544 427 ]
[4  9  2] :	[ 460 602 587 ]
[5  9  2] :	[ 525 530 404 ]
[6  9  2] :	[ 459 601 264 ]
[7  9  2] :	[ 593 606 344 ]
[8  9  2] :	[ 456 401 641 ]
[9  9  2] :	[ 496 567 471 ]
[10  9  2] :	[ 348 478 553 ]
[1  10  2] :	[ 480 430 611 ]
[2  10  2] :	[ 563 481 450 ]
[3  10  2] :	[ 578 254 708 ]
[4  10  2] :	[ 574 580 478 ]
[5  10  2] :	[ 313 376 589 ]
[6  10  2] :	[ 562 513 346 ]
[7  10  2] :	[ 152 615 676 ]
[8  10  2] :	[ 504 497 368 ]
[9  10  2] :	[ 640 537 559 ]
[10  10  2] :	[ 461 492 559 ]
[1  1  3] :	[ 615 441 720 ]
[2  1  3] :	[ 631 538 344 ]
[3  1  3] :	[ 618 363 525 ]
[4  1  3] :	[ 640 883 185 ]
[5  1  3] :	[ 371 637 442 ]
[6  1  3] :	[ 545 546 507 ]
[7  1  3] :	[ 559 345 728 ]
[8  1  3] :	[ 557 611 462 ]
[9  1  3] :	[ 640 541 299 ]
[10  1  3] :	[ 581 326 358 ]
[1  2  3] :	[ 628 275 471 ]
[2  2  3] :	[ 722 283 444 ]
[3  2  3] :	[ 374 542 520 ]
[4  2  3] :	[ 661 522 219 ]
[5  2  3] :	[ 469 433 469 ]
[6  2  3] :	[ 632 507 391 ]
[7  2  3] :	[ 413 228 510 ]
[8  2  3] :	[ 648 494 396 ]
[9  2  3] :	[ 429 268 562 ]
[10  2  3] :	[ 559 706 397 ]
[1  3  3] :	[ 816 412 461 ]
[2  3  3] :	[ 466 428 441 ]
[3  3  3] :	[ 493 311 526 ]
[4  3  3] :	[ 378 299 458 ]
[5  3  3] :	[ 472 408 472 ]
[6  3  3] :	[ 505 441 233 ]
[7  3  3] :	[ 592 348 533 ]
[8  3  3] :	[ 690 390 282 ]
[9  3  3] :	[ 310 579 580 ]
[10  3  3] :	[ 306 453 501 ]
[1  4  3] :	[ 479 596 584 ]
[2  4  3] :	[ 700 494 418 ]
[3  4  3] :	[ 448 519 524 ]
[4  4  3] :	[ 539 348 539 ]
[5  4  3] :	[ 614 271 384 ]
[6  4  3] :	[ 385 175 455 ]
[7  4  3] :	[ 391 441 563 ]
[8  4  3] :	[ 447 234 741 ]
[9  4  3] :	[ 260 620 766 ]
[10  4  3] :	[ 533 499 436 ]
[1  5  3] :	[ 431 511 463 ]
[2  5  3] :	[ 212 652 572 ]
[3  5  3] :	[ 459 632 390 ]
[4  5  3] :	[ 477 503 602 ]
[5  5  3] :	[ 701 479 449 ]
[6  5  3] :	[ 400 527 510 ]
[7  5  3] :	[ 401 407 586 ]
[8  5  3] :	[ 490 581 581 ]
[9  5  3] :	[ 428 656 490 ]
[10  5  3] :	[ 536 481 491 ]
[1  6  3] :	[ 253 491 201 ]
[2  6  3] :	[ 262 622 731 ]
[3  6  3] :	[ 449 498 310 ]
[4  6  3] :	[ 385 593 440 ]
[5  6  3] :	[ 526 545 476 ]
[6  6  3] :	[ 452 565 471 ]
[7  6  3] :	[ 536 326 505 ]
[8  6  3] :	[ 362 586 539 ]
[9  6  3] :	[ 684 434 561 ]
[10  6  3] :	[ 561 705 526 ]
[1  7  3] :	[ 586 406 391 ]
[2  7  3] :	[ 428 394 448 ]
[3  7  3] :	[ 448 480 234 ]
[4  7  3] :	[ 556 293 540 ]
[5  7  3] :	[ 359 447 337 ]
[6  7  3] :	[ 458 395 515 ]
[7  7  3] :	[ 671 403 524 ]
[8  7  3] :	[ 453 421 258 ]
[9  7  3] :	[ 409 557 572 ]
[10  7  3] :	[ 419 474 599 ]
[1  8  3] :	[ 650 341 476 ]
[2  8  3] :	[ 583 249 662 ]
[3  8  3] :	[ 500 519 503 ]
[4  8  3] :	[ 433 597 306 ]
[5  8  3] :	[ 485 445 484 ]
[6  8  3] :	[ 186 569 300 ]
[7  8  3] :	[ 611 454 589 ]
[8  8  3] :	[ 336 648 424 ]
[9  8  3] :	[ 649 368 616 ]
[10  8  3] :	[ 447 330 515 ]
[1  9  3] :	[ 359 502 532 ]
[2  9  3] :	[ 438 475 794 ]
[3  9  3] :	[ 481 397 623 ]
[4  9  3] :	[ 667 422 319 ]
[5  9  3] :	[ 444 563 451 ]
[6  9  3] :	[ 503 510 411 ]
[7  9  3] :	[ 657 548 614 ]
[8  9  3] :	[ 387 399 465 ]
[9  9  3] :	[ 724 262 544 ]
[10  9  3] :	[ 544 521 465 ]
[1  10  3] :	[ 377 503 534 ]
[2  10  3] :	[ 503 548 383 ]
[3  10  3] :	[ 462 354 746 ]
[4  10  3] :	[ 241 378 837 ]
[5  10  3] :	[ 487 610 614 ]
[6  10  3] :	[ 348 647 364 ]
[7  10  3] :	[ 399 410 644 ]
[8  10  3] :	[ 636 371 568 ]
[9  10  3] :	[ 815 382 417 ]
[10  10  3] :	[ 264 540 696 ]
[1  1  4] :	[ 586 501 303 ]
[2  1  4] :	[ 577 217 754 ]
[3  1  4] :	[ 676 487 508 ]
[4  1  4] :	[ 632 558 557 ]
[5  1  4] :	[ 814 510 234 ]
[6  1  4] :	[ 724 503 418 ]
[7  1  4] :	[ 662 355 589 ]
[8  1  4] :	[ 544 710 266 ]
[9  1  4] :	[ 426 515 430 ]
[10  1  4] :	[ 710 449 380 ]
[1  2  4] :	[ 606 460 447 ]
[2  2  4] :	[ 416 315 368 ]
[3  2  4] :	[ 331 593 294 ]
[4  2  4] :	[ 247 337 677 ]
[5  2  4] :	[ 411 715 585 ]
[6  2  4] :	[ 596 650 433 ]
[7  2  4] :	[ 375 671 496 ]
[8  2  4] :	[ 488 456 615 ]
[9  2  4] :	[ 369 304 495 ]
[10  2  4] :	[ 555 427 422 ]
[1  3  4] :	[ 361 436 524 ]
[2  3  4] :	[ 547 560 459 ]
[3  3  4] :	[ 450 270 635 ]
[4  3  4] :	[ 671 546 271 ]
[5  3  4] :	[ 593 447 693 ]
[6  3  4] :	[ 563 437 456 ]
[7  3  4] :	[ 328 561 460 ]
[8  3  4] :	[ 596 476 710 ]
[9  3  4] :	[ 347 591 696 ]
[10  3  4] :	[ 715 482 435 ]
[1  4  4] :	[ 472 559 557 ]
[2  4  4] :	[ 655 394 422 ]
[3  4  4] :	[ 645 289 679 ]
[4  4  4] :	[ 397 252 655 ]
[5  4  4] :	[ 708 479 547 ]
[6  4  4] :	[ 499 538 404 ]
[7  4  4] :	[ 405 509 422 ]
[8  4  4] :	[ 484 488 519 ]
[9  4  4] :	[ 431 518 774 ]
[10  4  4] :	[ 568 748 370 ]
[1  5  4] :	[ 304 547 496 ]
[2  5  4] :	[ 598 196 699 ]
[3  5  4] :	[ 296 764 574 ]
[4  5  4] :	[ 449 399 352 ]
[5  5  4] :	[ 580 643 486 ]
[6  5  4] :	[ 615 323 399 ]
[7  5  4] :	[ 425 514 370 ]
[8  5  4] :	[ 387 577 643 ]
[9  5  4] :	[ 286 477 542 ]
[10  5  4] :	[ 497 349 690 ]
[1  6  4] :	[ 314 361 466 ]
[2  6  4] :	[ 439 482 760 ]
[3  6  4] :	[ 395 495 629 ]
[4  6  4] :	[ 628 471 424 ]
[5  6  4] :	[ 255 729 446 ]
[6  6  4] :	[ 551 452 402 ]
[7  6  4] :	[ 604 601 456 ]
[8  6  4] :	[ 325 452 596 ]
[9  6  4] :	[ 476 417 628 ]
[10  6  4] :	[ 647 213 295 ]
[1  7  4] :	[ 209 292 634 ]
[2  7  4] :	[ 417 378 219 ]
[3  7  4] :	[ 635 424 412 ]
[4  7  4] :	[ 493 239 554 ]
[5  7  4] :	[ 489 357 880 ]
[6  7  4] :	[ 402 451 427 ]
[7  7  4] :	[ 672 261 633 ]
[8  7  4] :	[ 498 358 533 ]
[9  7  4] :	[ 420 653 434 ]
[10  7  4] :	[ 464 697 250 ]
[1  8  4] :	[ 293 467 558 ]
[2  8  4] :	[ 766 289 552 ]
[3  8  4] :	[ 418 602 591 ]
[4  8  4] :	[ 413 616 492 ]
[5  8  4] :	[ 420 328 387 ]
[6  8  4] :	[ 300 425 433 ]
[7  8  4] :	[ 482 312 551 ]
[8  8  4] :	[ 499 438 514 ]
[9  8  4] :	[ 358 599 430 ]
[10  8  4] :	[ 506 388 610 ]
[1  9  4] :	[ 529 373 647 ]
[2  9  4] :	[ 525 470 403 ]
[3  9  4] :	[ 333 592 259 ]
[4  9  4] :	[ 230 479 667 ]
[5  9  4] :	[ 533 431 659 ]
[6  9  4] :	[ 578 555 456 ]
[7  9  4] :	[ 270 615 538 ]
[8  9  4] :	[ 602 192 586 ]
[9  9  4] :	[ 599 494 711 ]
[10  9  4] :	[ 396 617 455 ]
[1  10  4] :	[ 387 448 708 ]
[2  10  4] :	[ 302 309 602 ]
[3  10  4] :	[ 633 413 386 ]
[4  10  4] :	[ 714 668 318 ]
[5  10  4] :	[ 732 565 643 ]
[6  10  4] :	[ 619 439 572 ]
[7  10  4] :	[ 298 449 644 ]
[8  10  4] :	[ 575 708 367 ]
[9  10  4] :	[ 311 696 393 ]
[10  10  4] :	[ 622 405 314 ]
[1  1  5] :	[ 569 465 559 ]
[2  1  5] :	[ 480 414 575 ]
[3  1  5] :	[ 497 484 436 ]
[4  1  5] :	[ 430 465 805 ]
[5  1  5] :	[ 315 518 716 ]
[6  1  5] :	[ 211 326 481 ]
[7  1  5] :	[ 379 412 409 ]
[8  1  5] :	[ 469 282 661 ]
[9  1  5] :	[ 497 684 349 ]
[10  1  5] :	[ 448 616 241 ]
[1  2  5] :	[ 470 538 371 ]
[2  2  5] :	[ 623 514 626 ]
[3  2  5] :	[ 369 521 393 ]
[4  2  5] :	[ 288 589 405 ]
[5  2  5] :	[ 535 378 463 ]
[6  2  5] :	[ 376 367 634 ]
[7  2  5] :	[ 538 579 361 ]
[8  2  5] :	[ 498 357 407 ]
[9  2  5] :	[ 543 359 351 ]
[10  2  5] :	[ 640 494 400 ]
[1  3  5] :	[ 251 646 408 ]
[2  3  5] :	[ 428 420 391 ]
[3  3  5] :	[ 388 556 511 ]
[4  3  5] :	[ 460 266 524 ]
[5  3  5] :	[ 671 394 504 ]
[6  3  5] :	[ 291 544 562 ]
[7  3  5] :	[ 510 373 591 ]
[8  3  5] :	[ 696 167 547 ]
[9  3  5] :	[ 551 322 516 ]
[10  3  5] :	[ 138 662 438 ]
[1  4  5] :	[ 257 347 520 ]
[2  4  5] :	[ 532 326 364 ]
[3  4  5] :	[ 442 404 333 ]
[4  4  5] :	[ 442 345 374 ]
[5  4  5] :	[ 498 686 509 ]
[6  4  5] :	[ 220 372 647 ]
[7  4  5] :	[ 582 546 324 ]
[8  4  5] :	[ 279 404 860 ]
[9  4  5] :	[ 419 564 475 ]
[10  4  5] :	[ 371 455 340 ]
[1  5  5] :	[ 420 408 681 ]
[2  5  5] :	[ 425 246 439 ]
[3  5  5] :	[ 604 398 537 ]
[4  5  5] :	[ 572 497 194 ]
[5  5  5] :	[ 478 427 283 ]
[6  5  5] :	[ 630 380 347 ]
[7  5  5] :	[ 411 270 794 ]
[8  5  5] :	[ 490 783 471 ]
[9  5  5] :	[ 519 463 309 ]
[10  5  5] :	[ 302 442 647 ]
[1  6  5] :	[ 741 471 350 ]
[2  6  5] :	[ 379 516 411 ]
[3  6  5] :	[ 590 491 340 ]
[4  6  5] :	[ 465 449 583 ]
[5  6  5] :	[ 381 612 431 ]
[6  6  5] :	[ 540 568 510 ]
[7  6  5] :	[ 320 475 741 ]
[8  6  5] :	[ 405 719 414 ]
[9  6  5] :	[ 543 521 452 ]
[10  6  5] :	[ 431 552 446 ]
[1  7  5] :	[ 321 512 757 ]
[2  7  5] :	[ 413 550 443 ]
[3  7  5] :	[ 501 311 400 ]
[4  7  5] :	[ 456 433 381 ]
[5  7  5] :	[ 342 210 583 ]
[6  7  5] :	[ 579 466 189 ]
[7  7  5] :	[ 487 545 528 ]
[8  7  5] :	[ 413 411 323 ]
[9  7  5] :	[ 384 346 350 ]
[10  7  5] :	[ 724 634 510 ]
[1  8  5] :	[ 587 545 757 ]
[2  8  5] :	[ 514 260 546 ]
[3  8  5] :	[ 499 425 658 ]
[4  8  5] :	[ 550 590 372 ]
[5  8  5] :	[ 488 490 309 ]
[6  8  5] :	[ 479 550 445 ]
[7  8  5] :	[ 686 237 618 ]
[8  8  5] :	[ 369 465 582 ]
[9  8  5] :	[ 103 695 683 ]
[10  8  5] :	[ 682 555 358 ]
[1  9  5] :	[ 485 470 443 ]
[2  9  5] :	[ 370 478 323 ]
[3  9  5] :	[ 308 387 380 ]
[4  9  5] :	[ 533 643 487 ]
[5  9  5] :	[ 462 314 391 ]
[6  9  5] :	[ 371 324 714 ]
[7  9  5] :	[ 507 401 542 ]
[8  9  5] :	[ 522 414 570 ]
[9  9  5] :	[ 514 547 563 ]
[10  9  5] :	[ 516 339 530 ]
[1  10  5] :	[ 531 317 752 ]
[2  10  5] :	[ 524 288 722 ]
[3  10  5] :	[ 465 719 504 ]
[4  10  5] :	[ 521 610 434 ]
[5  10  5] :	[ 383 306 455 ]
[6  10  5] :	[ 573 401 392 ]
[7  10  5] :	[ 560 426 486 ]
[8  10  5] :	[ 403 518 425 ]
[9  10  5] :	[ 462 525 491 ]
[10  10  5] :	[ 604 370 506 ]
[1  1  6] :	[ 645 305 222 ]
[2  1  6] :	[ 464 386 622 ]
[3  1  6] :	[ 657 250 178 ]
[4  1  6] :	[ 369 399 559 ]
[5  1  6] :	[ 743 632 370 ]
[6  1  6] :	[ 336 422 516 ]
[7  1  6] :	[ 468 323 568 ]
[8  1  6] :	[ 131 617 551 ]
[9  1  6] :	[ 668 740 251 ]
[10  1  6] :	[ 642 440 282 ]
[1  2  6] :	[ 476 513 492 ]
[2  2  6] :	[ 321 407 756 ]
[3  2  6] :	[ 638 427 371 ]
[4  2  6] :	[ 348 426 591 ]
[5  2  6] :	[ 426 502 436 ]
[6  2  6] :	[ 734 237 566 ]
[7  2  6] :	[ 377 805 272 ]
[8  2  6] :	[ 561 396 459 ]
[9  2  6] :	[ 237 527 551 ]
[10  2  6] :	[ 248 593 640 ]
[1  3  6] :	[ 510 470 412 ]
[2  3  6] :	[ 331 593 488 ]
[3  3  6] :	[ 342 581 558 ]
[4  3  6] :	[ 415 391 715 ]
[5  3  6] :	[ 757 418 420 ]
[6  3  6] :	[ 313 414 458 ]
[7  3  6] :	[ 580 440 562 ]
[8  3  6] :	[ 779 340 508 ]
[9  3  6] :	[ 396 681 386 ]
[10  3  6] :	[ 350 517 484 ]
[1  4  6] :	[ 727 630 361 ]
[2  4  6] :	[ 511 660 393 ]
[3  4  6] :	[ 267 760 524 ]
[4  4  6] :	[ 535 512 522 ]
[5  4  6] :	[ 432 425 640 ]
[6  4  6] :	[ 516 452 438 ]
[7  4  6] :	[ 559 423 372 ]
[8  4  6] :	[ 309 282 567 ]
[9  4  6] :	[ 581 243 431 ]
[10  4  6] :	[ 537 326 450 ]
[1  5  6] :	[ 616 306 486 ]
[2  5  6] :	[ 381 551 586 ]
[3  5  6] :	[ 469 423 562 ]
[4  5  6] :	[ 728 469 386 ]
[5  5  6] :	[ 197 588 707 ]
[6  5  6] :	[ 392 598 199 ]
[7  5  6] :	[ 417 569 397 ]
[8  5  6] :	[ 202 493 519 ]
[9  5  6] :	[ 545 397 430 ]
[10  5  6] :	[ 692 330 764 ]
[1  6  6] :	[ 691 305 334 ]
[2  6  6] :	[ 393 300 490 ]
[3  6  6] :	[ 518 604 477 ]
[4  6  6] :	[ 523 335 410 ]
[5  6  6] :	[ 539 549 477 ]
[6  6  6] :	[ 450 812 487 ]
[7  6  6] :	[ 403 493 542 ]
[8  6  6] :	[ 570 572 671 ]
[9  6  6] :	[ 605 525 463 ]
[10  6  6] :	[ 549 346 458 ]
[1  7  6] :	[ 568 337 350 ]
[2  7  6] :	[ 464 528 552 ]
[3  7  6] :	[ 415 483 574 ]
[4  7  6] :	[ 583 436 589 ]
[5  7  6] :	[ 589 413 457 ]
[6  7  6] :	[ 328 680 501 ]
[7  7  6] :	[ 570 320 541 ]
[8  7  6] :	[ 405 234 599 ]
[9  7  6] :	[ 334 405 580 ]
[10  7  6] :	[ 741 417 345 ]
[1  8  6] :	[ 600 327 554 ]
[2  8  6] :	[ 469 254 495 ]
[3  8  6] :	[ 539 394 578 ]
[4  8  6] :	[ 463 559 680 ]
[5  8  6] :	[ 457 529 396 ]
[6  8  6] :	[ 361 440 779 ]
[7  8  6] :	[ 432 516 645 ]
[8  8  6] :	[ 420 422 661 ]
[9  8  6] :	[ 569 605 526 ]
[10  8  6] :	[ 315 459 438 ]
[1  9  6] :	[ 469 628 543 ]
[2  9  6] :	[ 593 211 510 ]
[3  9  6] :	[ 427 306 678 ]
[4  9  6] :	[ 454 566 293 ]
[5  9  6] :	[ 377 583 493 ]
[6  9  6] :	[ 671 653 575 ]
[7  9  6] :	[ 460 548 575 ]
[8  9  6] :	[ 736 384 518 ]
[9  9  6] :	[ 612 451 168 ]
[10  9  6] :	[ 12 372 776 ]
[1  10  6] :	[ 596 688 447 ]
[2  10  6] :	[ 514 401 619 ]
[3  10  6] :	[ 386 306 414 ]
[4  10  6] :	[ 420 308 567 ]
[5  10  6] :	[ 386 678 499 ]
[6  10  6] :	[ 440 684 489 ]
[7  10  6] :	[ 389 635 500 ]
[8  10  6] :	[ 503 590 528 ]
[9  10  6] :	[ 351 753 508 ]
[10  10  6] :	[ 388 533 693 ]
[1  1  7] :	[ 218 468 480 ]
[2  1  7] :	[ 185 432 655 ]
[3  1  7] :	[ 410 594 473 ]
[4  1  7] :	[ 284 502 519 ]
[5  1  7] :	[ 559 576 540 ]
[6  1  7] :	[ 495 540 685 ]
[7  1  7] :	[ 438 594 448 ]
[8  1  7] :	[ 489 392 427 ]
[9  1  7] :	[ 217 630 548 ]
[10  1  7] :	[ 559 283 499 ]
[1  2  7] :	[ 435 492 212 ]
[2  2  7] :	[ 239 418 551 ]
[3  2  7] :	[ 462 525 401 ]
[4  2  7] :	[ 452 534 582 ]
[5  2  7] :	[ 574 425 399 ]
[6  2  7] :	[ 495 610 386 ]
[7  2  7] :	[ 254 539 415 ]
[8  2  7] :	[ 308 352 741 ]
[9  2  7] :	[ 350 625 275 ]
[10  2  7] :	[ 573 534 410 ]
[1  3  7] :	[ 562 423 494 ]
[2  3  7] :	[ 444 247 511 ]
[3  3  7] :	[ 310 602 331 ]
[4  3  7] :	[ 525 468 596 ]
[5  3  7] :	[ 479 459 367 ]
[6  3  7] :	[ 477 205 776 ]
[7  3  7] :	[ 300 435 507 ]
[8  3  7] :	[ 451 424 396 ]
[9  3  7] :	[ 688 632 499 ]
[10  3  7] :	[ 537 591 436 ]
[1  4  7] :	[ 601 484 619 ]
[2  4  7] :	[ 288 481 484 ]
[3  4  7] :	[ 436 444 405 ]
[4  4  7] :	[ 679 557 228 ]
[5  4  7] :	[ 592 437 599 ]
[6  4  7] :	[ 475 294 855 ]
[7  4  7] :	[ 488 756 289 ]
[8  4  7] :	[ 296 671 370 ]
[9  4  7] :	[ 391 466 714 ]
[10  4  7] :	[ 470 170 326 ]
[1  5  7] :	[ 496 529 642 ]
[2  5  7] :	[ 513 384 423 ]
[3  5  7] :	[ 501 721 359 ]
[4  5  7] :	[ 510 423 467 ]
[5  5  7] :	[ 553 459 575 ]
[6  5  7] :	[ 605 476 462 ]
[7  5  7] :	[ 541 497 369 ]
[8  5  7] :	[ 472 554 292 ]
[9  5  7] :	[ 325 437 501 ]
[10  5  7] :	[ 355 469 535 ]
[1  6  7] :	[ 389 506 747 ]
[2  6  7] :	[ 495 483 557 ]
[3  6  7] :	[ 539 566 433 ]
[4  6  7] :	[ 491 553 345 ]
[5  6  7] :	[ 413 577 642 ]
[6  6  7] :	[ 479 607 556 ]
[7  6  7] :	[ 489 363 591 ]
[8  6  7] :	[ 399 424 643 ]
[9  6  7] :	[ 668 415 394 ]
[10  6  7] :	[ 411 609 517 ]
[1  7  7] :	[ 529 315 510 ]
[2  7  7] :	[ 422 615 263 ]
[3  7  7] :	[ 602 416 559 ]
[4  7  7] :	[ 577 592 381 ]
[5  7  7] :	[ 443 476 803 ]
[6  7  7] :	[ 579 581 325 ]
[7  7  7] :	[ 404 209 434 ]
[8  7  7] :	[ 500 612 517 ]
[9  7  7] :	[ 488 396 542 ]
[10  7  7] :	[ 402 616 477 ]
[1  8  7] :	[ 479 511 489 ]
[2  8  7] :	[ 325 379 415 ]
[3  8  7] :	[ 501 395 557 ]
[4  8  7] :	[ 220 841 564 ]
[5  8  7] :	[ 285 338 821 ]
[6  8  7] :	[ 491 344 747 ]
[7  8  7] :	[ 315 593 423 ]
[8  8  7] :	[ 605 507 567 ]
[9  8  7] :	[ 645 567 472 ]
[10  8  7] :	[ 646 379 625 ]
[1  9  7] :	[ 803 316 499 ]
[2  9  7] :	[ 708 290 707 ]
[3  9  7] :	[ 677 547 403 ]
[4  9  7] :	[ 438 374 833 ]
[5  9  7] :	[ 505 528 643 ]
[6  9  7] :	[ 502 477 268 ]
[7  9  7] :	[ 337 473 754 ]
[8  9  7] :	[ 438 366 417 ]
[9  9  7] :	[ 552 593 333 ]
[10  9  7] :	[ 572 374 354 ]
[1  10  7] :	[ 801 363 244 ]
[2  10  7] :	[ 603 465 472 ]
[3  10  7] :	[ 450 539 683 ]
[4  10  7] :	[ 598 509 608 ]
[5  10  7] :	[ 477 323 663 ]
[6  10  7] :	[ 395 816 268 ]
[7  10  7] :	[ 449 390 447 ]
[8  10  7] :	[ 421 458 277 ]
[9  10  7] :	[ 426 438 379 ]
[10  10  7] :	[ 505 342 749 ]
[1  1  8] :	[ 282 397 678 ]
[2  1  8] :	[ 548 596 442 ]
[3  1  8] :	[ 371 596 334 ]
[4  1  8] :	[ 595 418 365 ]
[5  1  8] :	[ 418 517 423 ]
[6  1  8] :	[ 519 657 280 ]
[7  1  8] :	[ 442 427 290 ]
[8  1  8] :	[ 503 256 440 ]
[9  1  8] :	[ 464 705 499 ]
[10  1  8] :	[ 586 409 376 ]
[1  2  8] :	[ 358 469 440 ]
[2  2  8] :	[ 644 538 536 ]
[3  2  8] :	[ 372 663 345 ]
[4  2  8] :	[ 557 345 385 ]
[5  2  8] :	[ 651 194 450 ]
[6  2  8] :	[ 346 613 643 ]
[7  2  8] :	[ 546 383 649 ]
[8  2  8] :	[ 478 269 548 ]
[9  2  8] :	[ 495 474 573 ]
[10  2  8] :	[ 268 427 633 ]
[1  3  8] :	[ 397 468 376 ]
[2  3  8] :	[ 604 490 286 ]
[3  3  8] :	[ 427 434 449 ]
[4  3  8] :	[ 466 404 406 ]
[5  3  8] :	[ 289 563 599 ]
[6  3  8] :	[ 367 453 594 ]
[7  3  8] :	[ 351 327 431 ]
[8  3  8] :	[ 541 651 415 ]
[9  3  8] :	[ 443 654 571 ]
[10  3  8] :	[ 315 489 451 ]
[1  4  8] :	[ 372 529 490 ]
[2  4  8] :	[ 400 490 322 ]
[3  4  8] :	[ 482 615 475 ]
[4  4  8] :	[ 552 403 532 ]
[5  4  8] :	[ 568 431 389 ]
[6  4  8] :	[ 492 494 517 ]
[7  4  8] :	[ 519 487 353 ]
[8  4  8] :	[ 391 518 404 ]
[9  4  8] :	[ 355 639 747 ]
[10  4  8] :	[ 603 547 581 ]
[1  5  8] :	[ 560 444 580 ]
[2  5  8] :	[ 453 312 421 ]
[3  5  8] :	[ 377 541 262 ]
[4  5  8] :	[ 514 466 595 ]
[5  5  8] :	[ 387 280 543 ]
[6  5  8] :	[ 455 508 411 ]
[7  5  8] :	[ 541 378 601 ]
[8  5  8] :	[ 452 614 577 ]
[9  5  8] :	[ 631 370 831 ]
[10  5  8] :	[ 584 441 484 ]
[1  6  8] :	[ 545 212 487 ]
[2  6  8] :	[ 469 570 561 ]
[3  6  8] :	[ 426 494 262 ]
[4  6  8] :	[ 601 231 513 ]
[5  6  8] :	[ 163 671 598 ]
[6  6  8] :	[ 530 500 238 ]
[7  6  8] :	[ 409 633 565 ]
[8  6  8] :	[ 378 643 673 ]
[9  6  8] :	[ 228 557 442 ]
[10  6  8] :	[ 461 498 457 ]
[1  7  8] :	[ 329 354 406 ]
[2  7  8] :	[ 446 466 452 ]
[3  7  8] :	[ 637 398 228 ]
[4  7  8] :	[ 352 200 667 ]
[5  7  8] :	[ 320 519 492 ]
[6  7  8] :	[ 321 579 752 ]
[7  7  8] :	[ 442 446 610 ]
[8  7  8] :	[ 571 262 631 ]
[9  7  8] :	[ 547 548 461 ]
[10  7  8] :	[ 516 734 406 ]
[1  8  8] :	[ 625 231 339 ]
[2  8  8] :	[ 424 433 621 ]
[3  8  8] :	[ 653 394 561 ]
[4  8  8] :	[ 582 554 452 ]
[5  8  8] :	[ 508 466 386 ]
[6  8  8] :	[ 188 694 561 ]
[7  8  8] :	[ 558 607 449 ]
[8  8  8] :	[ 330 494 573 ]
[9  8  8] :	[ 635 534 274 ]
[10  8  8] :	[ 502 458 723 ]
[1  9  8] :	[ 586 396 921 ]
[2  9  8] :	[ 362 520 543 ]
[3  9  8] :	[ 613 475 522 ]
[4  9  8] :	[ 490 539 475 ]
[5  9  8] :	[ 655 486 177 ]
[6  9  8] :	[ 323 497 398 ]
[7  9  8] :	[ 524 362 559 ]
[8  9  8] :	[ 490 497 433 ]
[9  9  8] :	[ 419 474 238 ]
[10  9  8] :	[ 517 527 507 ]
[1  10  8] :	[ 377 463 605 ]
[2  10  8] :	[ 478 368 543 ]
[3  10  8] :	[ 434 233 556 ]
[4  10  8] :	[ 685 553 444 ]
[5  10  8] :	[ 443 592 290 ]
[6  10  8] :	[ 527 426 329 ]
[7  10  8] :	[ 427 403 655 ]
[8  10  8] :	[ 509 497 483 ]
[9  10  8] :	[ 268 327 443 ]
[10  10  8] :	[ 579 429 535 ]
[1  1  9] :	[ 578 189 592 ]
[2  1  9] :	[ 667 492 386 ]
[3  1  9] :	[ 389 764 494 ]
[4  1  9] :	[ 479 404 508 ]
[5  1  9] :	[ 488 464 507 ]
[6  1  9] :	[ 522 476 392 ]
[7  1  9] :	[ 439 867 439 ]
[8  1  9] :	[ 293 591 541 ]
[9  1  9] :	[ 501 350 562 ]
[10  1  9] :	[ 511 564 449 ]
[1  2  9] :	[ 419 663 251 ]
[2  2  9] :	[ 508 521 536 ]
[3  2  9] :	[ 572 411 355 ]
[4  2  9] :	[ 209 593 694 ]
[5  2  9] :	[ 448 274 619 ]
[6  2  9] :	[ 617 553 430 ]
[7  2  9] :	[ 405 235 614 ]
[8  2  9] :	[ 630 483 505 ]
[9  2  9] :	[ 401 634 614 ]
[10  2  9] :	[ 288 409 604 ]
[1  3  9] :	[ 610 410 269 ]
[2  3  9] :	[ 335 239 562 ]
[3  3  9] :	[ 515 506 528 ]
[4  3  9] :	[ 448 360 541 ]
[5  3  9] :	[ 320 523 534 ]
[6  3  9] :	[ 414 325 484 ]
[7  3  9] :	[ 450 492 518 ]
[8  3  9] :	[ 559 590 472 ]
[9  3  9] :	[ 609 641 326 ]
[10  3  9] :	[ 543 277 627 ]
[1  4  9] :	[ 361 372 666 ]
[2  4  9] :	[ 662 345 511 ]
[3  4  9] :	[ 386 371 887 ]
[4  4  9] :	[ 380 479 581 ]
[5  4  9] :	[ 444 498 614 ]
[6  4  9] :	[ 463 604 453 ]
[7  4  9] :	[ 526 542 546 ]
[8  4  9] :	[ 412 404 553 ]
[9  4  9] :	[ 328 385 561 ]
[10  4  9] :	[ 523 555 536 ]
[1  5  9] :	[ 476 420 676 ]
[2  5  9] :	[ 753 330 466 ]
[3  5  9] :	[ 703 376 392 ]
[4  5  9] :	[ 276 576 340 ]
[5  5  9] :	[ 267 311 480 ]
[6  5  9] :	[ 565 511 316 ]
[7  5  9] :	[ 544 478 394 ]
[8  5  9] :	[ 433 525 698 ]
[9  5  9] :	[ 391 556 632 ]
[10  5  9] :	[ 520 595 377 ]
[1  6  9] :	[ 709 467 435 ]
[2  6  9] :	[ 677 371 223 ]
[3  6  9] :	[ 645 298 597 ]
[4  6  9] :	[ 428 321 558 ]
[5  6  9] :	[ 613 316 458 ]
[6  6  9] :	[ 377 550 427 ]
[7  6  9] :	[ 596 463 560 ]
[8  6  9] :	[ 216 654 486 ]
[9  6  9] :	[ 416 546 456 ]
[10  6  9] :	[ 239 612 503 ]
[1  7  9] :	[ 544 556 390 ]
[2  7  9] :	[ 392 547 505 ]
[3  7  9] :	[ 318 686 286 ]
[4  7  9] :	[ 461 425 499 ]
[5  7  9] :	[ 675 389 466 ]
[6  7  9] :	[ 448 614 448 ]
[7  7  9] :	[ 573 368 295 ]
[8  7  9] :	[ 438 528 490 ]
[9  7  9] :	[ 571 662 145 ]
[10  7  9] :	[ 327 670 342 ]
[1  8  9] :	[ 342 151 686 ]
[2  8  9] :	[ 613 565 775 ]
[3  8  9] :	[ 419 437 385 ]
[4  8  9] :	[ 584 513 510 ]
[5  8  9] :	[ 605 433 485 ]
[6  8  9] :	[ 479 334 376 ]
[7  8  9] :	[ 536 451 680 ]
[8  8  9] :	[ 427 361 375 ]
[9  8  9] :	[ 414 381 557 ]
[10  8  9] :	[ 415 499 366 ]
[1  9  9] :	[ 368 652 613 ]
[2  9  9] :	[ 371 406 587 ]
[3  9  9] :	[ 722 377 385 ]
[4  9  9] :	[ 533 504 441 ]
[5  9  9] :	[ 465 648 380 ]
[6  9  9] :	[ 716 486 622 ]
[7  9  9] :	[ 432 490 501 ]
[8  9  9] :	[ 458 339 437 ]
[9  9  9] :	[ 658 156 468 ]
[10  9  9] :	[ 587 736 662 ]
[1  10  9] :	[ 420 401 622 ]
[2  10  9] :	[ 660 514 457 ]
[3  10  9] :	[ 533 664 333 ]
[4  10  9] :	[ 521 390 629 ]
[5  10  9] :	[ 607 427 503 ]
[6  10  9] :	[ 263 706 424 ]
[7  10  9] :	[ 351 450 495 ]
[8  10  9] :	[ 371 510 440 ]
[9  10  9] :	[ 274 245 443 ]
[10  10  9] :	[ 791 271 392 ]
[1  1  10] :	[ 572 238 473 ]
[2  1  10] :	[ 618 129 491 ]
[3  1  10] :	[ 498 476 548 ]
[4  1  10] :	[ 521 459 426 ]
[5  1  10] :	[ 610 451 462 ]
[6  1  10] :	[ 882 240 330 ]
[7  1  10] :	[ 542 372 494 ]
[8  1  10] :	[ 459 616 329 ]
[9  1  10] :	[ 474 339 427 ]
[10  1  10] :	[ 451 350 393 ]
[1  2  10] :	[ 631 385 588 ]
[2  2  10] :	[ 436 521 377 ]
[3  2  10] :	[ 614 286 629 ]
[4  2  10] :	[ 660 516 341 ]
[5  2  10] :	[ 672 291 519 ]
[6  2  10] :	[ 547 393 468 ]
[7  2  10] :	[ 453 319 477 ]
[8  2  10] :	[ 666 577 181 ]
[9  2  10] :	[ 362 549 537 ]
[10  2  10] :	[ 333 505 571 ]
[1  3  10] :	[ 436 367 313 ]
[2  3  10] :	[ 249 506 451 ]
[3  3  10] :	[ 443 564 409 ]
[4  3  10] :	[ 532 433 453 ]
[5  3  10] :	[ 441 472 468 ]
[6  3  10] :	[ 766 227 768 ]
[7  3  10] :	[ 600 585 278 ]
[8  3  10] :	[ 442 208 676 ]
[9  3  10] :	[ 541 594 412 ]
[10  3  10] :	[ 318 409 680 ]
[1  4  10] :	[ 196 390 642 ]
[2  4  10] :	[ 280 409 575 ]
[3  4  10] :	[ 426 451 722 ]
[4  4  10] :	[ 514 504 394 ]
[5  4  10] :	[ 329 450 568 ]
[6  4  10] :	[ 608 375 568 ]
[7  4  10] :	[ 534 508 532 ]
[8  4  10] :	[ 344 446 500 ]
[9  4  10] :	[ 534 447 557 ]
[10  4  10] :	[ 342 228 665 ]
[1  5  10] :	[ 533 398 425 ]
[2  5  10] :	[ 528 294 517 ]
[3  5  10] :	[ 652 635 142 ]
[4  5  10] :	[ 404 549 497 ]
[5  5  10] :	[ 428 447 480 ]
[6  5  10] :	[ 351 369 545 ]
[7  5  10] :	[ 695 494 492 ]
[8  5  10] :	[ 342 327 659 ]
[9  5  10] :	[ 392 251 566 ]
[10  5  10] :	[ 479 458 653 ]
[1  6  10] :	[ 458 501 622 ]
[2  6  10] :	[ 230 521 434 ]
[3  6  10] :	[ 382 560 419 ]
[4  6  10] :	[ 184 647 692 ]
[5  6  10] :	[ 409 402 689 ]
[6  6  10] :	[ 412 549 531 ]
[7  6  10] :	[ 323 356 586 ]
[8  6  10] :	[ 750 487 429 ]
[9  6  10] :	[ 251 537 538 ]
[10  6  10] :	[ 381 414 541 ]
[1  7  10] :	[ 329 490 1000 ]
[2  7  10] :	[ 473 486 345 ]
[3  7  10] :	[ 294 491 510 ]
[4  7  10] :	[ 377 560 296 ]
[5  7  10] :	[ 179 663 617 ]
[6  7  10] :	[ 352 413 455 ]
[7  7  10] :	[ 409 554 637 ]
[8  7  10] :	[ 277 561 330 ]
[9  7  10] :	[ 736 443 270 ]
[10  7  10] :	[ 507 288 478 ]
[1  8  10] :	[ 609 589 334 ]
[2  8  10] :	[ 339 655 750 ]
[3  8  10] :	[ 55 533 790 ]
[4  8  10] :	[ 378 343 405 ]
[5  8  10] :	[ 538 552 368 ]
[6  8  10] :	[ 553 433 318 ]
[7  8  10] :	[ 244 540 536 ]
[8  8  10] :	[ 463 452 622 ]
[9  8  10] :	[ 303 433 486 ]
[10  8  10] :	[ 425 349 476 ]
[1  9  10] :	[ 367 380 419 ]
[2  9  10] :	[ 289 355 518 ]
[3  9  10] :	[ 440 579 493 ]
[4  9  10] :	[ 504 570 496 ]
[5  9  10] :	[ 629 342 546 ]
[6  9  10] :	[ 380 447 356 ]
[7  9  10] :	[ 549 532 414 ]
[8  9  10] :	[ 562 541 381 ]
[9  9  10] :	[ 247 562 717 ]
[10  9  10] :	[ 347 559 634 ]
[1  10  10] :	[ 615 446 555 ]
[2  10  10] :	[ 536 495 588 ]
[3  10  10] :	[ 441 576 351 ]
[4  10  10] :	[ 596 372 421 ]
[5  10  10] :	[ 349 486 482 ]
[6  10  10] :	[ 368 568 316 ]
[7  10  10] :	[ 714 463 563 ]
[8  10  10] :	[ 381 322 743 ]
[9  10  10] :	[ 424 535 544 ]
[10  10  10] :	[ 217 490 186 ]
