# Generated by GAMUT v1.0.1
# A Game With Normal Covariant Random Payoffs
# Game Parameter Values:
# Random seed:	1644574310716
# Cmd Line:	-g CovariantGame -r -0.2 -players 3 -actions 10 -normalize -min_payoff 0.01 -max_payoff 10 -int_payoffs -int_mult 100 -f CG_multi_3_10_3.txt
# Players:	3
# Actions:	10 10 10
# players:	3
# actions:	[10]
# r:	-0.2
[1  1  1] :	[ 567 325 563 ]
[2  1  1] :	[ 444 636 281 ]
[3  1  1] :	[ 266 348 441 ]
[4  1  1] :	[ 464 537 535 ]
[5  1  1] :	[ 541 440 545 ]
[6  1  1] :	[ 481 483 587 ]
[7  1  1] :	[ 689 425 294 ]
[8  1  1] :	[ 563 492 583 ]
[9  1  1] :	[ 345 516 382 ]
[10  1  1] :	[ 333 618 586 ]
[1  2  1] :	[ 454 262 164 ]
[2  2  1] :	[ 468 332 500 ]
[3  2  1] :	[ 381 150 579 ]
[4  2  1] :	[ 349 441 473 ]
[5  2  1] :	[ 661 293 388 ]
[6  2  1] :	[ 541 358 469 ]
[7  2  1] :	[ 409 282 525 ]
[8  2  1] :	[ 398 500 318 ]
[9  2  1] :	[ 384 492 519 ]
[10  2  1] :	[ 499 376 350 ]
[1  3  1] :	[ 202 352 405 ]
[2  3  1] :	[ 488 426 510 ]
[3  3  1] :	[ 412 350 337 ]
[4  3  1] :	[ 148 500 399 ]
[5  3  1] :	[ 367 467 450 ]
[6  3  1] :	[ 303 371 565 ]
[7  3  1] :	[ 215 636 436 ]
[8  3  1] :	[ 513 519 509 ]
[9  3  1] :	[ 428 354 364 ]
[10  3  1] :	[ 502 292 296 ]
[1  4  1] :	[ 596 255 260 ]
[2  4  1] :	[ 370 295 313 ]
[3  4  1] :	[ 577 295 368 ]
[4  4  1] :	[ 592 236 246 ]
[5  4  1] :	[ 524 588 252 ]
[6  4  1] :	[ 289 504 355 ]
[7  4  1] :	[ 491 316 294 ]
[8  4  1] :	[ 458 351 458 ]
[9  4  1] :	[ 543 452 278 ]
[10  4  1] :	[ 383 581 429 ]
[1  5  1] :	[ 394 647 193 ]
[2  5  1] :	[ 656 597 263 ]
[3  5  1] :	[ 406 471 494 ]
[4  5  1] :	[ 539 502 259 ]
[5  5  1] :	[ 332 225 571 ]
[6  5  1] :	[ 345 478 394 ]
[7  5  1] :	[ 302 264 304 ]
[8  5  1] :	[ 607 579 455 ]
[9  5  1] :	[ 361 400 505 ]
[10  5  1] :	[ 488 312 462 ]
[1  6  1] :	[ 397 628 577 ]
[2  6  1] :	[ 708 276 412 ]
[3  6  1] :	[ 506 307 485 ]
[4  6  1] :	[ 616 439 552 ]
[5  6  1] :	[ 384 305 539 ]
[6  6  1] :	[ 603 389 591 ]
[7  6  1] :	[ 484 429 549 ]
[8  6  1] :	[ 455 467 377 ]
[9  6  1] :	[ 298 589 369 ]
[10  6  1] :	[ 436 298 395 ]
[1  7  1] :	[ 338 241 432 ]
[2  7  1] :	[ 431 696 191 ]
[3  7  1] :	[ 596 264 471 ]
[4  7  1] :	[ 390 357 479 ]
[5  7  1] :	[ 309 286 434 ]
[6  7  1] :	[ 348 571 410 ]
[7  7  1] :	[ 181 348 492 ]
[8  7  1] :	[ 408 823 368 ]
[9  7  1] :	[ 593 405 365 ]
[10  7  1] :	[ 495 700 464 ]
[1  8  1] :	[ 408 258 468 ]
[2  8  1] :	[ 450 476 518 ]
[3  8  1] :	[ 496 510 392 ]
[4  8  1] :	[ 490 421 419 ]
[5  8  1] :	[ 633 474 382 ]
[6  8  1] :	[ 551 336 414 ]
[7  8  1] :	[ 735 535 143 ]
[8  8  1] :	[ 553 549 552 ]
[9  8  1] :	[ 373 565 359 ]
[10  8  1] :	[ 509 549 357 ]
[1  9  1] :	[ 554 244 464 ]
[2  9  1] :	[ 443 472 504 ]
[3  9  1] :	[ 531 273 471 ]
[4  9  1] :	[ 513 444 501 ]
[5  9  1] :	[ 221 450 646 ]
[6  9  1] :	[ 326 474 477 ]
[7  9  1] :	[ 505 383 497 ]
[8  9  1] :	[ 473 443 288 ]
[9  9  1] :	[ 436 382 535 ]
[10  9  1] :	[ 742 366 384 ]
[1  10  1] :	[ 435 473 721 ]
[2  10  1] :	[ 389 481 355 ]
[3  10  1] :	[ 522 527 502 ]
[4  10  1] :	[ 574 617 142 ]
[5  10  1] :	[ 194 496 394 ]
[6  10  1] :	[ 543 385 284 ]
[7  10  1] :	[ 275 666 325 ]
[8  10  1] :	[ 579 457 590 ]
[9  10  1] :	[ 477 281 512 ]
[10  10  1] :	[ 323 372 543 ]
[1  1  2] :	[ 403 326 384 ]
[2  1  2] :	[ 476 472 465 ]
[3  1  2] :	[ 769 467 121 ]
[4  1  2] :	[ 332 389 308 ]
[5  1  2] :	[ 646 387 411 ]
[6  1  2] :	[ 320 394 546 ]
[7  1  2] :	[ 318 387 731 ]
[8  1  2] :	[ 568 276 450 ]
[9  1  2] :	[ 516 559 287 ]
[10  1  2] :	[ 237 615 317 ]
[1  2  2] :	[ 538 387 401 ]
[2  2  2] :	[ 576 530 455 ]
[3  2  2] :	[ 360 459 445 ]
[4  2  2] :	[ 363 268 521 ]
[5  2  2] :	[ 507 519 452 ]
[6  2  2] :	[ 370 419 593 ]
[7  2  2] :	[ 423 522 443 ]
[8  2  2] :	[ 466 336 458 ]
[9  2  2] :	[ 580 586 243 ]
[10  2  2] :	[ 388 655 413 ]
[1  3  2] :	[ 580 355 242 ]
[2  3  2] :	[ 565 397 569 ]
[3  3  2] :	[ 448 444 459 ]
[4  3  2] :	[ 485 421 425 ]
[5  3  2] :	[ 402 535 494 ]
[6  3  2] :	[ 490 190 528 ]
[7  3  2] :	[ 329 322 513 ]
[8  3  2] :	[ 367 514 456 ]
[9  3  2] :	[ 405 503 675 ]
[10  3  2] :	[ 546 460 311 ]
[1  4  2] :	[ 531 346 241 ]
[2  4  2] :	[ 348 394 498 ]
[3  4  2] :	[ 267 599 240 ]
[4  4  2] :	[ 517 127 410 ]
[5  4  2] :	[ 470 432 411 ]
[6  4  2] :	[ 306 659 386 ]
[7  4  2] :	[ 628 379 345 ]
[8  4  2] :	[ 306 490 599 ]
[9  4  2] :	[ 417 669 457 ]
[10  4  2] :	[ 330 490 496 ]
[1  5  2] :	[ 392 389 560 ]
[2  5  2] :	[ 389 523 255 ]
[3  5  2] :	[ 593 424 362 ]
[4  5  2] :	[ 553 460 412 ]
[5  5  2] :	[ 293 547 388 ]
[6  5  2] :	[ 449 417 296 ]
[7  5  2] :	[ 375 510 486 ]
[8  5  2] :	[ 550 612 342 ]
[9  5  2] :	[ 636 490 331 ]
[10  5  2] :	[ 620 492 508 ]
[1  6  2] :	[ 237 618 244 ]
[2  6  2] :	[ 566 535 423 ]
[3  6  2] :	[ 450 140 540 ]
[4  6  2] :	[ 406 374 369 ]
[5  6  2] :	[ 307 543 460 ]
[6  6  2] :	[ 444 583 529 ]
[7  6  2] :	[ 356 403 370 ]
[8  6  2] :	[ 432 304 482 ]
[9  6  2] :	[ 496 401 431 ]
[10  6  2] :	[ 378 542 299 ]
[1  7  2] :	[ 514 430 487 ]
[2  7  2] :	[ 275 383 578 ]
[3  7  2] :	[ 313 482 222 ]
[4  7  2] :	[ 478 377 267 ]
[5  7  2] :	[ 524 428 316 ]
[6  7  2] :	[ 550 512 278 ]
[7  7  2] :	[ 503 441 348 ]
[8  7  2] :	[ 447 633 449 ]
[9  7  2] :	[ 413 329 357 ]
[10  7  2] :	[ 335 309 592 ]
[1  8  2] :	[ 354 405 468 ]
[2  8  2] :	[ 718 369 506 ]
[3  8  2] :	[ 378 531 417 ]
[4  8  2] :	[ 521 425 588 ]
[5  8  2] :	[ 339 570 489 ]
[6  8  2] :	[ 460 315 448 ]
[7  8  2] :	[ 364 364 627 ]
[8  8  2] :	[ 529 414 518 ]
[9  8  2] :	[ 421 299 280 ]
[10  8  2] :	[ 408 466 574 ]
[1  9  2] :	[ 612 633 478 ]
[2  9  2] :	[ 559 342 403 ]
[3  9  2] :	[ 376 437 633 ]
[4  9  2] :	[ 328 571 345 ]
[5  9  2] :	[ 365 256 219 ]
[6  9  2] :	[ 520 446 183 ]
[7  9  2] :	[ 302 512 354 ]
[8  9  2] :	[ 385 574 416 ]
[9  9  2] :	[ 435 236 627 ]
[10  9  2] :	[ 434 495 330 ]
[1  10  2] :	[ 543 376 471 ]
[2  10  2] :	[ 445 507 506 ]
[3  10  2] :	[ 488 494 491 ]
[4  10  2] :	[ 575 522 463 ]
[5  10  2] :	[ 461 241 350 ]
[6  10  2] :	[ 414 448 507 ]
[7  10  2] :	[ 290 580 544 ]
[8  10  2] :	[ 288 517 386 ]
[9  10  2] :	[ 628 349 282 ]
[10  10  2] :	[ 671 312 344 ]
[1  1  3] :	[ 269 643 526 ]
[2  1  3] :	[ 315 632 187 ]
[3  1  3] :	[ 128 471 531 ]
[4  1  3] :	[ 455 382 388 ]
[5  1  3] :	[ 670 479 346 ]
[6  1  3] :	[ 357 447 542 ]
[7  1  3] :	[ 411 325 520 ]
[8  1  3] :	[ 501 375 342 ]
[9  1  3] :	[ 588 380 442 ]
[10  1  3] :	[ 437 622 448 ]
[1  2  3] :	[ 555 496 240 ]
[2  2  3] :	[ 485 244 448 ]
[3  2  3] :	[ 479 387 448 ]
[4  2  3] :	[ 421 302 413 ]
[5  2  3] :	[ 451 325 303 ]
[6  2  3] :	[ 637 362 434 ]
[7  2  3] :	[ 505 660 413 ]
[8  2  3] :	[ 475 435 519 ]
[9  2  3] :	[ 206 377 482 ]
[10  2  3] :	[ 413 459 207 ]
[1  3  3] :	[ 406 472 309 ]
[2  3  3] :	[ 516 328 492 ]
[3  3  3] :	[ 333 150 512 ]
[4  3  3] :	[ 520 265 579 ]
[5  3  3] :	[ 337 375 608 ]
[6  3  3] :	[ 495 425 423 ]
[7  3  3] :	[ 447 431 391 ]
[8  3  3] :	[ 421 319 504 ]
[9  3  3] :	[ 246 680 529 ]
[10  3  3] :	[ 214 530 370 ]
[1  4  3] :	[ 389 244 790 ]
[2  4  3] :	[ 347 646 379 ]
[3  4  3] :	[ 356 630 242 ]
[4  4  3] :	[ 467 385 467 ]
[5  4  3] :	[ 363 28 708 ]
[6  4  3] :	[ 582 541 353 ]
[7  4  3] :	[ 483 439 369 ]
[8  4  3] :	[ 533 384 627 ]
[9  4  3] :	[ 500 375 243 ]
[10  4  3] :	[ 386 658 199 ]
[1  5  3] :	[ 383 460 289 ]
[2  5  3] :	[ 397 498 356 ]
[3  5  3] :	[ 523 393 375 ]
[4  5  3] :	[ 542 537 297 ]
[5  5  3] :	[ 477 407 424 ]
[6  5  3] :	[ 230 497 291 ]
[7  5  3] :	[ 420 571 430 ]
[8  5  3] :	[ 427 75 570 ]
[9  5  3] :	[ 423 449 479 ]
[10  5  3] :	[ 458 341 567 ]
[1  6  3] :	[ 483 373 503 ]
[2  6  3] :	[ 639 371 255 ]
[3  6  3] :	[ 761 370 224 ]
[4  6  3] :	[ 624 291 309 ]
[5  6  3] :	[ 731 281 433 ]
[6  6  3] :	[ 281 566 480 ]
[7  6  3] :	[ 505 429 330 ]
[8  6  3] :	[ 653 423 448 ]
[9  6  3] :	[ 422 567 547 ]
[10  6  3] :	[ 427 533 325 ]
[1  7  3] :	[ 300 409 684 ]
[2  7  3] :	[ 552 349 613 ]
[3  7  3] :	[ 483 274 433 ]
[4  7  3] :	[ 383 511 557 ]
[5  7  3] :	[ 457 418 347 ]
[6  7  3] :	[ 482 446 471 ]
[7  7  3] :	[ 402 525 245 ]
[8  7  3] :	[ 622 316 448 ]
[9  7  3] :	[ 1 562 282 ]
[10  7  3] :	[ 343 377 508 ]
[1  8  3] :	[ 265 413 533 ]
[2  8  3] :	[ 427 522 463 ]
[3  8  3] :	[ 688 391 322 ]
[4  8  3] :	[ 629 646 319 ]
[5  8  3] :	[ 623 300 499 ]
[6  8  3] :	[ 440 366 571 ]
[7  8  3] :	[ 664 574 258 ]
[8  8  3] :	[ 564 417 366 ]
[9  8  3] :	[ 404 677 427 ]
[10  8  3] :	[ 258 494 246 ]
[1  9  3] :	[ 373 483 400 ]
[2  9  3] :	[ 467 414 274 ]
[3  9  3] :	[ 556 508 357 ]
[4  9  3] :	[ 383 451 269 ]
[5  9  3] :	[ 346 421 544 ]
[6  9  3] :	[ 543 512 496 ]
[7  9  3] :	[ 528 596 354 ]
[8  9  3] :	[ 445 415 354 ]
[9  9  3] :	[ 664 450 268 ]
[10  9  3] :	[ 439 387 460 ]
[1  10  3] :	[ 448 364 383 ]
[2  10  3] :	[ 295 292 587 ]
[3  10  3] :	[ 290 295 567 ]
[4  10  3] :	[ 380 353 741 ]
[5  10  3] :	[ 598 412 496 ]
[6  10  3] :	[ 291 342 480 ]
[7  10  3] :	[ 444 509 335 ]
[8  10  3] :	[ 535 404 504 ]
[9  10  3] :	[ 519 537 346 ]
[10  10  3] :	[ 711 531 413 ]
[1  1  4] :	[ 379 493 505 ]
[2  1  4] :	[ 486 195 505 ]
[3  1  4] :	[ 439 362 259 ]
[4  1  4] :	[ 352 715 409 ]
[5  1  4] :	[ 649 247 454 ]
[6  1  4] :	[ 502 242 334 ]
[7  1  4] :	[ 443 410 573 ]
[8  1  4] :	[ 477 415 641 ]
[9  1  4] :	[ 176 700 534 ]
[10  1  4] :	[ 515 348 528 ]
[1  2  4] :	[ 265 378 532 ]
[2  2  4] :	[ 434 539 428 ]
[3  2  4] :	[ 348 654 568 ]
[4  2  4] :	[ 453 562 427 ]
[5  2  4] :	[ 409 646 398 ]
[6  2  4] :	[ 567 414 613 ]
[7  2  4] :	[ 729 360 350 ]
[8  2  4] :	[ 353 612 357 ]
[9  2  4] :	[ 521 422 402 ]
[10  2  4] :	[ 500 238 440 ]
[1  3  4] :	[ 603 523 356 ]
[2  3  4] :	[ 571 330 490 ]
[3  3  4] :	[ 498 540 363 ]
[4  3  4] :	[ 508 612 462 ]
[5  3  4] :	[ 576 361 504 ]
[6  3  4] :	[ 331 465 454 ]
[7  3  4] :	[ 389 556 400 ]
[8  3  4] :	[ 574 396 103 ]
[9  3  4] :	[ 295 504 346 ]
[10  3  4] :	[ 558 484 356 ]
[1  4  4] :	[ 441 400 393 ]
[2  4  4] :	[ 436 440 537 ]
[3  4  4] :	[ 258 393 476 ]
[4  4  4] :	[ 463 467 423 ]
[5  4  4] :	[ 345 171 686 ]
[6  4  4] :	[ 566 497 323 ]
[7  4  4] :	[ 419 77 584 ]
[8  4  4] :	[ 616 383 292 ]
[9  4  4] :	[ 546 453 531 ]
[10  4  4] :	[ 434 509 293 ]
[1  5  4] :	[ 436 435 475 ]
[2  5  4] :	[ 488 307 541 ]
[3  5  4] :	[ 486 696 386 ]
[4  5  4] :	[ 425 645 400 ]
[5  5  4] :	[ 545 434 336 ]
[6  5  4] :	[ 304 450 486 ]
[7  5  4] :	[ 418 314 401 ]
[8  5  4] :	[ 377 453 550 ]
[9  5  4] :	[ 417 422 313 ]
[10  5  4] :	[ 774 233 461 ]
[1  6  4] :	[ 411 551 311 ]
[2  6  4] :	[ 351 355 507 ]
[3  6  4] :	[ 195 462 547 ]
[4  6  4] :	[ 577 302 514 ]
[5  6  4] :	[ 247 414 494 ]
[6  6  4] :	[ 538 182 391 ]
[7  6  4] :	[ 507 449 361 ]
[8  6  4] :	[ 577 431 467 ]
[9  6  4] :	[ 344 417 509 ]
[10  6  4] :	[ 394 634 358 ]
[1  7  4] :	[ 508 504 515 ]
[2  7  4] :	[ 469 231 481 ]
[3  7  4] :	[ 625 413 384 ]
[4  7  4] :	[ 394 375 455 ]
[5  7  4] :	[ 354 394 646 ]
[6  7  4] :	[ 559 423 507 ]
[7  7  4] :	[ 548 541 386 ]
[8  7  4] :	[ 385 583 480 ]
[9  7  4] :	[ 450 623 354 ]
[10  7  4] :	[ 528 655 527 ]
[1  8  4] :	[ 478 556 534 ]
[2  8  4] :	[ 438 554 385 ]
[3  8  4] :	[ 362 468 481 ]
[4  8  4] :	[ 350 514 413 ]
[5  8  4] :	[ 415 631 376 ]
[6  8  4] :	[ 585 322 287 ]
[7  8  4] :	[ 426 541 325 ]
[8  8  4] :	[ 610 324 199 ]
[9  8  4] :	[ 456 363 321 ]
[10  8  4] :	[ 398 399 504 ]
[1  9  4] :	[ 593 527 470 ]
[2  9  4] :	[ 376 413 461 ]
[3  9  4] :	[ 566 349 444 ]
[4  9  4] :	[ 314 439 428 ]
[5  9  4] :	[ 363 561 453 ]
[6  9  4] :	[ 711 400 429 ]
[7  9  4] :	[ 497 335 297 ]
[8  9  4] :	[ 390 310 579 ]
[9  9  4] :	[ 333 587 306 ]
[10  9  4] :	[ 396 440 468 ]
[1  10  4] :	[ 284 301 528 ]
[2  10  4] :	[ 496 350 366 ]
[3  10  4] :	[ 514 516 357 ]
[4  10  4] :	[ 450 465 521 ]
[5  10  4] :	[ 499 484 205 ]
[6  10  4] :	[ 853 314 362 ]
[7  10  4] :	[ 524 347 279 ]
[8  10  4] :	[ 321 513 473 ]
[9  10  4] :	[ 601 259 594 ]
[10  10  4] :	[ 396 486 428 ]
[1  1  5] :	[ 558 470 542 ]
[2  1  5] :	[ 430 233 564 ]
[3  1  5] :	[ 412 415 557 ]
[4  1  5] :	[ 390 353 360 ]
[5  1  5] :	[ 641 576 210 ]
[6  1  5] :	[ 396 544 290 ]
[7  1  5] :	[ 424 477 532 ]
[8  1  5] :	[ 473 311 503 ]
[9  1  5] :	[ 405 446 470 ]
[10  1  5] :	[ 399 590 299 ]
[1  2  5] :	[ 647 407 364 ]
[2  2  5] :	[ 356 344 694 ]
[3  2  5] :	[ 712 367 397 ]
[4  2  5] :	[ 428 429 308 ]
[5  2  5] :	[ 482 401 353 ]
[6  2  5] :	[ 508 429 630 ]
[7  2  5] :	[ 315 332 355 ]
[8  2  5] :	[ 431 411 417 ]
[9  2  5] :	[ 352 759 488 ]
[10  2  5] :	[ 534 491 494 ]
[1  3  5] :	[ 472 358 409 ]
[2  3  5] :	[ 349 651 397 ]
[3  3  5] :	[ 632 407 400 ]
[4  3  5] :	[ 521 425 388 ]
[5  3  5] :	[ 562 410 250 ]
[6  3  5] :	[ 537 368 756 ]
[7  3  5] :	[ 539 395 425 ]
[8  3  5] :	[ 462 481 367 ]
[9  3  5] :	[ 32 448 670 ]
[10  3  5] :	[ 553 305 455 ]
[1  4  5] :	[ 1000 266 391 ]
[2  4  5] :	[ 461 354 400 ]
[3  4  5] :	[ 328 394 391 ]
[4  4  5] :	[ 440 296 610 ]
[5  4  5] :	[ 512 287 475 ]
[6  4  5] :	[ 289 588 330 ]
[7  4  5] :	[ 500 520 424 ]
[8  4  5] :	[ 440 402 266 ]
[9  4  5] :	[ 368 644 451 ]
[10  4  5] :	[ 565 477 426 ]
[1  5  5] :	[ 446 499 392 ]
[2  5  5] :	[ 214 527 506 ]
[3  5  5] :	[ 350 395 607 ]
[4  5  5] :	[ 420 239 413 ]
[5  5  5] :	[ 324 315 579 ]
[6  5  5] :	[ 414 250 671 ]
[7  5  5] :	[ 518 458 422 ]
[8  5  5] :	[ 317 287 555 ]
[9  5  5] :	[ 479 156 372 ]
[10  5  5] :	[ 412 328 324 ]
[1  6  5] :	[ 562 501 209 ]
[2  6  5] :	[ 326 285 639 ]
[3  6  5] :	[ 404 613 373 ]
[4  6  5] :	[ 397 628 367 ]
[5  6  5] :	[ 247 477 425 ]
[6  6  5] :	[ 365 368 538 ]
[7  6  5] :	[ 222 781 356 ]
[8  6  5] :	[ 494 648 494 ]
[9  6  5] :	[ 574 469 325 ]
[10  6  5] :	[ 237 597 449 ]
[1  7  5] :	[ 507 511 277 ]
[2  7  5] :	[ 561 582 402 ]
[3  7  5] :	[ 323 581 350 ]
[4  7  5] :	[ 304 573 452 ]
[5  7  5] :	[ 456 426 417 ]
[6  7  5] :	[ 307 388 413 ]
[7  7  5] :	[ 375 387 615 ]
[8  7  5] :	[ 425 412 603 ]
[9  7  5] :	[ 571 439 395 ]
[10  7  5] :	[ 388 388 565 ]
[1  8  5] :	[ 453 567 291 ]
[2  8  5] :	[ 526 485 337 ]
[3  8  5] :	[ 231 557 228 ]
[4  8  5] :	[ 355 415 565 ]
[5  8  5] :	[ 381 461 409 ]
[6  8  5] :	[ 532 513 368 ]
[7  8  5] :	[ 438 532 573 ]
[8  8  5] :	[ 448 319 407 ]
[9  8  5] :	[ 376 500 357 ]
[10  8  5] :	[ 532 337 557 ]
[1  9  5] :	[ 373 185 514 ]
[2  9  5] :	[ 483 583 262 ]
[3  9  5] :	[ 311 526 624 ]
[4  9  5] :	[ 395 376 460 ]
[5  9  5] :	[ 329 408 735 ]
[6  9  5] :	[ 298 442 431 ]
[7  9  5] :	[ 573 347 326 ]
[8  9  5] :	[ 297 525 365 ]
[9  9  5] :	[ 666 446 94 ]
[10  9  5] :	[ 466 482 259 ]
[1  10  5] :	[ 343 268 371 ]
[2  10  5] :	[ 362 425 529 ]
[3  10  5] :	[ 400 442 491 ]
[4  10  5] :	[ 379 540 497 ]
[5  10  5] :	[ 664 263 448 ]
[6  10  5] :	[ 353 381 472 ]
[7  10  5] :	[ 527 322 540 ]
[8  10  5] :	[ 391 439 591 ]
[9  10  5] :	[ 490 462 740 ]
[10  10  5] :	[ 386 466 361 ]
[1  1  6] :	[ 248 496 562 ]
[2  1  6] :	[ 590 492 334 ]
[3  1  6] :	[ 646 357 416 ]
[4  1  6] :	[ 554 646 298 ]
[5  1  6] :	[ 463 474 517 ]
[6  1  6] :	[ 553 444 255 ]
[7  1  6] :	[ 253 615 371 ]
[8  1  6] :	[ 479 427 442 ]
[9  1  6] :	[ 391 395 368 ]
[10  1  6] :	[ 679 576 289 ]
[1  2  6] :	[ 362 334 355 ]
[2  2  6] :	[ 318 380 488 ]
[3  2  6] :	[ 215 599 403 ]
[4  2  6] :	[ 220 582 488 ]
[5  2  6] :	[ 542 425 594 ]
[6  2  6] :	[ 420 447 552 ]
[7  2  6] :	[ 631 364 364 ]
[8  2  6] :	[ 354 713 262 ]
[9  2  6] :	[ 353 419 561 ]
[10  2  6] :	[ 553 416 305 ]
[1  3  6] :	[ 415 334 702 ]
[2  3  6] :	[ 486 417 602 ]
[3  3  6] :	[ 651 430 570 ]
[4  3  6] :	[ 535 416 479 ]
[5  3  6] :	[ 505 342 387 ]
[6  3  6] :	[ 511 483 436 ]
[7  3  6] :	[ 427 644 334 ]
[8  3  6] :	[ 431 514 380 ]
[9  3  6] :	[ 620 326 414 ]
[10  3  6] :	[ 542 412 441 ]
[1  4  6] :	[ 381 412 425 ]
[2  4  6] :	[ 231 505 375 ]
[3  4  6] :	[ 434 468 464 ]
[4  4  6] :	[ 568 354 574 ]
[5  4  6] :	[ 618 506 547 ]
[6  4  6] :	[ 303 701 221 ]
[7  4  6] :	[ 460 560 459 ]
[8  4  6] :	[ 174 305 509 ]
[9  4  6] :	[ 584 216 263 ]
[10  4  6] :	[ 369 490 625 ]
[1  5  6] :	[ 412 281 866 ]
[2  5  6] :	[ 534 448 314 ]
[3  5  6] :	[ 304 495 349 ]
[4  5  6] :	[ 283 352 616 ]
[5  5  6] :	[ 456 274 528 ]
[6  5  6] :	[ 584 520 111 ]
[7  5  6] :	[ 562 395 274 ]
[8  5  6] :	[ 468 371 459 ]
[9  5  6] :	[ 478 697 240 ]
[10  5  6] :	[ 566 444 378 ]
[1  6  6] :	[ 759 527 273 ]
[2  6  6] :	[ 332 470 320 ]
[3  6  6] :	[ 351 863 251 ]
[4  6  6] :	[ 331 419 658 ]
[5  6  6] :	[ 391 320 441 ]
[6  6  6] :	[ 326 425 325 ]
[7  6  6] :	[ 174 364 695 ]
[8  6  6] :	[ 318 551 336 ]
[9  6  6] :	[ 306 289 375 ]
[10  6  6] :	[ 339 504 352 ]
[1  7  6] :	[ 562 525 407 ]
[2  7  6] :	[ 404 292 658 ]
[3  7  6] :	[ 571 491 595 ]
[4  7  6] :	[ 538 695 480 ]
[5  7  6] :	[ 330 364 505 ]
[6  7  6] :	[ 331 462 388 ]
[7  7  6] :	[ 495 249 552 ]
[8  7  6] :	[ 668 184 340 ]
[9  7  6] :	[ 364 659 622 ]
[10  7  6] :	[ 477 323 348 ]
[1  8  6] :	[ 365 647 412 ]
[2  8  6] :	[ 347 256 330 ]
[3  8  6] :	[ 277 483 456 ]
[4  8  6] :	[ 551 401 351 ]
[5  8  6] :	[ 512 643 456 ]
[6  8  6] :	[ 428 350 256 ]
[7  8  6] :	[ 286 517 418 ]
[8  8  6] :	[ 446 324 431 ]
[9  8  6] :	[ 694 457 439 ]
[10  8  6] :	[ 545 435 509 ]
[1  9  6] :	[ 354 476 483 ]
[2  9  6] :	[ 545 572 357 ]
[3  9  6] :	[ 477 435 577 ]
[4  9  6] :	[ 370 407 388 ]
[5  9  6] :	[ 435 363 402 ]
[6  9  6] :	[ 392 502 181 ]
[7  9  6] :	[ 564 543 558 ]
[8  9  6] :	[ 339 415 603 ]
[9  9  6] :	[ 406 109 337 ]
[10  9  6] :	[ 446 569 339 ]
[1  10  6] :	[ 449 481 460 ]
[2  10  6] :	[ 363 423 360 ]
[3  10  6] :	[ 385 360 507 ]
[4  10  6] :	[ 511 612 196 ]
[5  10  6] :	[ 388 555 401 ]
[6  10  6] :	[ 599 459 485 ]
[7  10  6] :	[ 454 470 410 ]
[8  10  6] :	[ 440 372 494 ]
[9  10  6] :	[ 508 237 305 ]
[10  10  6] :	[ 597 376 579 ]
[1  1  7] :	[ 480 586 307 ]
[2  1  7] :	[ 437 355 366 ]
[3  1  7] :	[ 509 382 496 ]
[4  1  7] :	[ 332 509 294 ]
[5  1  7] :	[ 359 447 499 ]
[6  1  7] :	[ 711 510 306 ]
[7  1  7] :	[ 551 689 215 ]
[8  1  7] :	[ 429 411 292 ]
[9  1  7] :	[ 510 658 313 ]
[10  1  7] :	[ 463 350 389 ]
[1  2  7] :	[ 520 535 269 ]
[2  2  7] :	[ 558 532 343 ]
[3  2  7] :	[ 427 595 442 ]
[4  2  7] :	[ 511 374 282 ]
[5  2  7] :	[ 275 477 394 ]
[6  2  7] :	[ 675 474 146 ]
[7  2  7] :	[ 392 427 377 ]
[8  2  7] :	[ 394 526 535 ]
[9  2  7] :	[ 529 507 362 ]
[10  2  7] :	[ 392 357 392 ]
[1  3  7] :	[ 412 467 572 ]
[2  3  7] :	[ 656 472 494 ]
[3  3  7] :	[ 195 613 452 ]
[4  3  7] :	[ 457 649 562 ]
[5  3  7] :	[ 530 548 415 ]
[6  3  7] :	[ 646 290 549 ]
[7  3  7] :	[ 458 461 525 ]
[8  3  7] :	[ 270 468 663 ]
[9  3  7] :	[ 517 567 385 ]
[10  3  7] :	[ 475 428 554 ]
[1  4  7] :	[ 321 401 362 ]
[2  4  7] :	[ 409 444 438 ]
[3  4  7] :	[ 558 513 201 ]
[4  4  7] :	[ 400 518 386 ]
[5  4  7] :	[ 477 369 428 ]
[6  4  7] :	[ 545 481 462 ]
[7  4  7] :	[ 395 428 470 ]
[8  4  7] :	[ 260 469 411 ]
[9  4  7] :	[ 755 552 296 ]
[10  4  7] :	[ 424 515 314 ]
[1  5  7] :	[ 403 534 351 ]
[2  5  7] :	[ 417 375 636 ]
[3  5  7] :	[ 227 378 586 ]
[4  5  7] :	[ 709 353 345 ]
[5  5  7] :	[ 780 378 317 ]
[6  5  7] :	[ 522 511 415 ]
[7  5  7] :	[ 380 523 569 ]
[8  5  7] :	[ 321 454 393 ]
[9  5  7] :	[ 510 507 494 ]
[10  5  7] :	[ 431 436 406 ]
[1  6  7] :	[ 688 284 179 ]
[2  6  7] :	[ 248 512 451 ]
[3  6  7] :	[ 315 436 286 ]
[4  6  7] :	[ 466 382 274 ]
[5  6  7] :	[ 337 297 508 ]
[6  6  7] :	[ 355 393 77 ]
[7  6  7] :	[ 348 278 359 ]
[8  6  7] :	[ 402 307 567 ]
[9  6  7] :	[ 543 207 734 ]
[10  6  7] :	[ 635 420 428 ]
[1  7  7] :	[ 347 354 621 ]
[2  7  7] :	[ 506 255 468 ]
[3  7  7] :	[ 494 442 565 ]
[4  7  7] :	[ 729 223 490 ]
[5  7  7] :	[ 400 389 533 ]
[6  7  7] :	[ 365 337 336 ]
[7  7  7] :	[ 637 482 340 ]
[8  7  7] :	[ 509 407 386 ]
[9  7  7] :	[ 647 349 259 ]
[10  7  7] :	[ 518 335 203 ]
[1  8  7] :	[ 335 577 363 ]
[2  8  7] :	[ 503 514 348 ]
[3  8  7] :	[ 533 499 223 ]
[4  8  7] :	[ 381 562 352 ]
[5  8  7] :	[ 572 435 411 ]
[6  8  7] :	[ 596 290 305 ]
[7  8  7] :	[ 132 441 466 ]
[8  8  7] :	[ 554 361 529 ]
[9  8  7] :	[ 391 457 399 ]
[10  8  7] :	[ 514 375 462 ]
[1  9  7] :	[ 582 111 613 ]
[2  9  7] :	[ 370 409 611 ]
[3  9  7] :	[ 569 100 503 ]
[4  9  7] :	[ 563 297 366 ]
[5  9  7] :	[ 462 364 441 ]
[6  9  7] :	[ 201 282 542 ]
[7  9  7] :	[ 376 395 498 ]
[8  9  7] :	[ 465 535 307 ]
[9  9  7] :	[ 548 439 387 ]
[10  9  7] :	[ 589 609 382 ]
[1  10  7] :	[ 382 516 497 ]
[2  10  7] :	[ 457 387 482 ]
[3  10  7] :	[ 228 391 770 ]
[4  10  7] :	[ 388 359 592 ]
[5  10  7] :	[ 393 424 417 ]
[6  10  7] :	[ 629 524 298 ]
[7  10  7] :	[ 435 484 274 ]
[8  10  7] :	[ 433 271 373 ]
[9  10  7] :	[ 592 371 308 ]
[10  10  7] :	[ 506 442 367 ]
[1  1  8] :	[ 248 519 406 ]
[2  1  8] :	[ 748 244 237 ]
[3  1  8] :	[ 513 403 720 ]
[4  1  8] :	[ 362 517 512 ]
[5  1  8] :	[ 405 660 157 ]
[6  1  8] :	[ 358 707 294 ]
[7  1  8] :	[ 709 275 323 ]
[8  1  8] :	[ 400 517 433 ]
[9  1  8] :	[ 181 734 445 ]
[10  1  8] :	[ 501 430 292 ]
[1  2  8] :	[ 165 729 498 ]
[2  2  8] :	[ 459 574 495 ]
[3  2  8] :	[ 550 471 367 ]
[4  2  8] :	[ 358 615 507 ]
[5  2  8] :	[ 265 512 615 ]
[6  2  8] :	[ 570 350 469 ]
[7  2  8] :	[ 600 361 271 ]
[8  2  8] :	[ 534 239 427 ]
[9  2  8] :	[ 462 484 641 ]
[10  2  8] :	[ 242 390 410 ]
[1  3  8] :	[ 378 515 389 ]
[2  3  8] :	[ 377 344 666 ]
[3  3  8] :	[ 493 404 401 ]
[4  3  8] :	[ 557 455 351 ]
[5  3  8] :	[ 410 639 382 ]
[6  3  8] :	[ 453 420 466 ]
[7  3  8] :	[ 588 467 253 ]
[8  3  8] :	[ 438 537 432 ]
[9  3  8] :	[ 531 517 255 ]
[10  3  8] :	[ 151 626 314 ]
[1  4  8] :	[ 354 457 434 ]
[2  4  8] :	[ 456 439 590 ]
[3  4  8] :	[ 352 458 478 ]
[4  4  8] :	[ 429 690 267 ]
[5  4  8] :	[ 408 730 283 ]
[6  4  8] :	[ 264 536 363 ]
[7  4  8] :	[ 375 309 508 ]
[8  4  8] :	[ 224 522 426 ]
[9  4  8] :	[ 685 340 451 ]
[10  4  8] :	[ 276 520 379 ]
[1  5  8] :	[ 271 417 320 ]
[2  5  8] :	[ 472 484 461 ]
[3  5  8] :	[ 506 409 444 ]
[4  5  8] :	[ 359 441 548 ]
[5  5  8] :	[ 451 254 388 ]
[6  5  8] :	[ 222 519 371 ]
[7  5  8] :	[ 604 158 470 ]
[8  5  8] :	[ 408 551 463 ]
[9  5  8] :	[ 521 517 458 ]
[10  5  8] :	[ 262 396 442 ]
[1  6  8] :	[ 484 587 292 ]
[2  6  8] :	[ 434 337 438 ]
[3  6  8] :	[ 426 486 454 ]
[4  6  8] :	[ 556 433 336 ]
[5  6  8] :	[ 560 482 426 ]
[6  6  8] :	[ 295 415 475 ]
[7  6  8] :	[ 650 379 398 ]
[8  6  8] :	[ 287 522 551 ]
[9  6  8] :	[ 348 463 542 ]
[10  6  8] :	[ 215 526 390 ]
[1  7  8] :	[ 263 455 460 ]
[2  7  8] :	[ 456 493 438 ]
[3  7  8] :	[ 628 359 332 ]
[4  7  8] :	[ 711 469 315 ]
[5  7  8] :	[ 472 402 325 ]
[6  7  8] :	[ 459 391 358 ]
[7  7  8] :	[ 259 301 636 ]
[8  7  8] :	[ 433 431 230 ]
[9  7  8] :	[ 346 397 408 ]
[10  7  8] :	[ 479 316 314 ]
[1  8  8] :	[ 607 308 497 ]
[2  8  8] :	[ 595 453 317 ]
[3  8  8] :	[ 512 438 163 ]
[4  8  8] :	[ 481 495 391 ]
[5  8  8] :	[ 370 591 391 ]
[6  8  8] :	[ 529 558 351 ]
[7  8  8] :	[ 481 376 260 ]
[8  8  8] :	[ 485 351 441 ]
[9  8  8] :	[ 278 409 483 ]
[10  8  8] :	[ 487 566 466 ]
[1  9  8] :	[ 529 174 519 ]
[2  9  8] :	[ 416 702 345 ]
[3  9  8] :	[ 389 586 382 ]
[4  9  8] :	[ 466 522 280 ]
[5  9  8] :	[ 458 664 391 ]
[6  9  8] :	[ 612 555 274 ]
[7  9  8] :	[ 464 479 515 ]
[8  9  8] :	[ 423 378 482 ]
[9  9  8] :	[ 436 399 538 ]
[10  9  8] :	[ 148 434 709 ]
[1  10  8] :	[ 594 334 512 ]
[2  10  8] :	[ 366 253 384 ]
[3  10  8] :	[ 245 346 373 ]
[4  10  8] :	[ 579 416 607 ]
[5  10  8] :	[ 594 342 345 ]
[6  10  8] :	[ 399 333 285 ]
[7  10  8] :	[ 524 383 320 ]
[8  10  8] :	[ 436 612 381 ]
[9  10  8] :	[ 537 408 628 ]
[10  10  8] :	[ 627 57 556 ]
[1  1  9] :	[ 288 516 475 ]
[2  1  9] :	[ 376 525 529 ]
[3  1  9] :	[ 269 398 158 ]
[4  1  9] :	[ 502 453 385 ]
[5  1  9] :	[ 457 370 494 ]
[6  1  9] :	[ 553 228 363 ]
[7  1  9] :	[ 580 290 461 ]
[8  1  9] :	[ 248 317 524 ]
[9  1  9] :	[ 587 413 501 ]
[10  1  9] :	[ 372 478 358 ]
[1  2  9] :	[ 192 248 730 ]
[2  2  9] :	[ 284 570 157 ]
[3  2  9] :	[ 413 204 479 ]
[4  2  9] :	[ 537 491 310 ]
[5  2  9] :	[ 625 59 557 ]
[6  2  9] :	[ 416 462 684 ]
[7  2  9] :	[ 473 473 463 ]
[8  2  9] :	[ 569 330 448 ]
[9  2  9] :	[ 522 487 409 ]
[10  2  9] :	[ 497 481 292 ]
[1  3  9] :	[ 311 412 609 ]
[2  3  9] :	[ 360 499 389 ]
[3  3  9] :	[ 586 497 378 ]
[4  3  9] :	[ 369 443 431 ]
[5  3  9] :	[ 458 467 428 ]
[6  3  9] :	[ 519 546 413 ]
[7  3  9] :	[ 344 373 522 ]
[8  3  9] :	[ 420 583 405 ]
[9  3  9] :	[ 212 544 445 ]
[10  3  9] :	[ 519 397 490 ]
[1  4  9] :	[ 328 221 309 ]
[2  4  9] :	[ 367 405 423 ]
[3  4  9] :	[ 420 417 415 ]
[4  4  9] :	[ 504 366 487 ]
[5  4  9] :	[ 356 284 571 ]
[6  4  9] :	[ 566 277 640 ]
[7  4  9] :	[ 409 403 804 ]
[8  4  9] :	[ 363 350 256 ]
[9  4  9] :	[ 440 567 374 ]
[10  4  9] :	[ 529 332 467 ]
[1  5  9] :	[ 396 410 400 ]
[2  5  9] :	[ 569 261 537 ]
[3  5  9] :	[ 344 454 632 ]
[4  5  9] :	[ 547 375 406 ]
[5  5  9] :	[ 372 378 262 ]
[6  5  9] :	[ 300 382 639 ]
[7  5  9] :	[ 358 352 623 ]
[8  5  9] :	[ 407 257 510 ]
[9  5  9] :	[ 407 482 274 ]
[10  5  9] :	[ 479 598 448 ]
[1  6  9] :	[ 343 359 440 ]
[2  6  9] :	[ 351 378 273 ]
[3  6  9] :	[ 453 472 454 ]
[4  6  9] :	[ 553 180 568 ]
[5  6  9] :	[ 452 399 557 ]
[6  6  9] :	[ 551 436 306 ]
[7  6  9] :	[ 452 645 268 ]
[8  6  9] :	[ 362 188 377 ]
[9  6  9] :	[ 407 458 327 ]
[10  6  9] :	[ 670 475 299 ]
[1  7  9] :	[ 526 313 431 ]
[2  7  9] :	[ 524 480 200 ]
[3  7  9] :	[ 538 330 531 ]
[4  7  9] :	[ 317 307 377 ]
[5  7  9] :	[ 499 353 666 ]
[6  7  9] :	[ 504 431 430 ]
[7  7  9] :	[ 745 431 311 ]
[8  7  9] :	[ 416 343 517 ]
[9  7  9] :	[ 497 297 460 ]
[10  7  9] :	[ 523 380 525 ]
[1  8  9] :	[ 157 573 471 ]
[2  8  9] :	[ 499 301 509 ]
[3  8  9] :	[ 336 591 498 ]
[4  8  9] :	[ 541 475 697 ]
[5  8  9] :	[ 469 464 451 ]
[6  8  9] :	[ 388 524 455 ]
[7  8  9] :	[ 448 572 441 ]
[8  8  9] :	[ 375 398 445 ]
[9  8  9] :	[ 333 401 733 ]
[10  8  9] :	[ 417 381 453 ]
[1  9  9] :	[ 462 318 475 ]
[2  9  9] :	[ 502 373 510 ]
[3  9  9] :	[ 500 472 594 ]
[4  9  9] :	[ 398 220 375 ]
[5  9  9] :	[ 479 409 436 ]
[6  9  9] :	[ 477 342 387 ]
[7  9  9] :	[ 94 577 619 ]
[8  9  9] :	[ 561 222 407 ]
[9  9  9] :	[ 526 392 518 ]
[10  9  9] :	[ 383 350 466 ]
[1  10  9] :	[ 85 545 641 ]
[2  10  9] :	[ 478 583 199 ]
[3  10  9] :	[ 465 548 538 ]
[4  10  9] :	[ 575 590 297 ]
[5  10  9] :	[ 713 306 555 ]
[6  10  9] :	[ 356 640 355 ]
[7  10  9] :	[ 366 243 633 ]
[8  10  9] :	[ 590 412 563 ]
[9  10  9] :	[ 555 603 325 ]
[10  10  9] :	[ 324 175 433 ]
[1  1  10] :	[ 296 717 458 ]
[2  1  10] :	[ 349 490 89 ]
[3  1  10] :	[ 503 466 478 ]
[4  1  10] :	[ 350 545 468 ]
[5  1  10] :	[ 511 541 381 ]
[6  1  10] :	[ 234 358 517 ]
[7  1  10] :	[ 338 382 514 ]
[8  1  10] :	[ 329 397 452 ]
[9  1  10] :	[ 488 454 499 ]
[10  1  10] :	[ 559 468 646 ]
[1  2  10] :	[ 644 435 204 ]
[2  2  10] :	[ 461 312 511 ]
[3  2  10] :	[ 303 528 508 ]
[4  2  10] :	[ 559 367 290 ]
[5  2  10] :	[ 359 520 428 ]
[6  2  10] :	[ 571 495 321 ]
[7  2  10] :	[ 283 319 524 ]
[8  2  10] :	[ 691 388 500 ]
[9  2  10] :	[ 558 350 479 ]
[10  2  10] :	[ 467 457 416 ]
[1  3  10] :	[ 402 445 379 ]
[2  3  10] :	[ 526 379 519 ]
[3  3  10] :	[ 235 454 357 ]
[4  3  10] :	[ 432 214 323 ]
[5  3  10] :	[ 440 474 419 ]
[6  3  10] :	[ 568 501 355 ]
[7  3  10] :	[ 550 516 478 ]
[8  3  10] :	[ 572 450 523 ]
[9  3  10] :	[ 420 481 436 ]
[10  3  10] :	[ 206 341 317 ]
[1  4  10] :	[ 702 261 582 ]
[2  4  10] :	[ 304 450 211 ]
[3  4  10] :	[ 260 414 614 ]
[4  4  10] :	[ 481 258 711 ]
[5  4  10] :	[ 602 368 402 ]
[6  4  10] :	[ 375 520 302 ]
[7  4  10] :	[ 642 450 260 ]
[8  4  10] :	[ 422 209 673 ]
[9  4  10] :	[ 267 699 475 ]
[10  4  10] :	[ 382 610 457 ]
[1  5  10] :	[ 595 325 385 ]
[2  5  10] :	[ 530 200 575 ]
[3  5  10] :	[ 367 429 306 ]
[4  5  10] :	[ 407 488 375 ]
[5  5  10] :	[ 262 337 507 ]
[6  5  10] :	[ 259 454 527 ]
[7  5  10] :	[ 562 427 326 ]
[8  5  10] :	[ 517 483 363 ]
[9  5  10] :	[ 322 348 432 ]
[10  5  10] :	[ 384 438 609 ]
[1  6  10] :	[ 115 580 546 ]
[2  6  10] :	[ 623 311 506 ]
[3  6  10] :	[ 471 593 264 ]
[4  6  10] :	[ 450 447 437 ]
[5  6  10] :	[ 334 462 471 ]
[6  6  10] :	[ 189 125 647 ]
[7  6  10] :	[ 503 371 618 ]
[8  6  10] :	[ 499 403 313 ]
[9  6  10] :	[ 395 348 570 ]
[10  6  10] :	[ 388 559 370 ]
[1  7  10] :	[ 591 384 323 ]
[2  7  10] :	[ 371 448 413 ]
[3  7  10] :	[ 645 492 289 ]
[4  7  10] :	[ 485 633 565 ]
[5  7  10] :	[ 419 248 404 ]
[6  7  10] :	[ 634 341 561 ]
[7  7  10] :	[ 263 520 574 ]
[8  7  10] :	[ 613 465 410 ]
[9  7  10] :	[ 418 493 281 ]
[10  7  10] :	[ 472 325 399 ]
[1  8  10] :	[ 264 498 517 ]
[2  8  10] :	[ 479 608 617 ]
[3  8  10] :	[ 374 236 251 ]
[4  8  10] :	[ 317 477 300 ]
[5  8  10] :	[ 432 476 345 ]
[6  8  10] :	[ 469 313 556 ]
[7  8  10] :	[ 446 265 462 ]
[8  8  10] :	[ 454 210 593 ]
[9  8  10] :	[ 422 455 404 ]
[10  8  10] :	[ 60 636 446 ]
[1  9  10] :	[ 337 469 360 ]
[2  9  10] :	[ 666 368 288 ]
[3  9  10] :	[ 566 545 527 ]
[4  9  10] :	[ 291 743 189 ]
[5  9  10] :	[ 425 416 567 ]
[6  9  10] :	[ 568 451 333 ]
[7  9  10] :	[ 413 436 472 ]
[8  9  10] :	[ 690 257 455 ]
[9  9  10] :	[ 600 535 442 ]
[10  9  10] :	[ 401 417 285 ]
[1  10  10] :	[ 412 394 396 ]
[2  10  10] :	[ 509 533 356 ]
[3  10  10] :	[ 398 446 386 ]
[4  10  10] :	[ 306 336 440 ]
[5  10  10] :	[ 348 242 362 ]
[6  10  10] :	[ 609 290 466 ]
[7  10  10] :	[ 619 176 527 ]
[8  10  10] :	[ 232 616 489 ]
[9  10  10] :	[ 327 138 684 ]
[10  10  10] :	[ 437 528 421 ]
