# Generated by GAMUT v1.0.1
# A Game With Normal Covariant Random Payoffs
# Game Parameter Values:
# Random seed:	1644574327088
# Cmd Line:	-g CovariantGame -r -0.2 -players 3 -actions 10 -normalize -min_payoff 0.01 -max_payoff 10 -int_payoffs -int_mult 100 -f CG_multi_3_10_10.txt
# Players:	3
# Actions:	10 10 10
# players:	3
# actions:	[10]
# r:	-0.2
[1  1  1] :	[ 468 432 569 ]
[2  1  1] :	[ 460 359 924 ]
[3  1  1] :	[ 552 452 342 ]
[4  1  1] :	[ 422 423 523 ]
[5  1  1] :	[ 500 350 683 ]
[6  1  1] :	[ 640 406 469 ]
[7  1  1] :	[ 890 500 681 ]
[8  1  1] :	[ 398 300 486 ]
[9  1  1] :	[ 480 531 542 ]
[10  1  1] :	[ 749 548 377 ]
[1  2  1] :	[ 377 339 346 ]
[2  2  1] :	[ 547 503 490 ]
[3  2  1] :	[ 617 819 500 ]
[4  2  1] :	[ 341 844 417 ]
[5  2  1] :	[ 49 423 401 ]
[6  2  1] :	[ 719 527 233 ]
[7  2  1] :	[ 564 992 475 ]
[8  2  1] :	[ 583 405 351 ]
[9  2  1] :	[ 421 570 426 ]
[10  2  1] :	[ 433 584 354 ]
[1  3  1] :	[ 415 412 564 ]
[2  3  1] :	[ 712 433 422 ]
[3  3  1] :	[ 376 411 429 ]
[4  3  1] :	[ 557 365 387 ]
[5  3  1] :	[ 650 605 99 ]
[6  3  1] :	[ 330 427 342 ]
[7  3  1] :	[ 497 395 445 ]
[8  3  1] :	[ 403 519 657 ]
[9  3  1] :	[ 416 604 528 ]
[10  3  1] :	[ 452 120 684 ]
[1  4  1] :	[ 559 618 94 ]
[2  4  1] :	[ 159 631 503 ]
[3  4  1] :	[ 497 677 575 ]
[4  4  1] :	[ 312 473 256 ]
[5  4  1] :	[ 665 555 650 ]
[6  4  1] :	[ 499 489 571 ]
[7  4  1] :	[ 487 400 552 ]
[8  4  1] :	[ 693 763 706 ]
[9  4  1] :	[ 480 317 463 ]
[10  4  1] :	[ 642 474 447 ]
[1  5  1] :	[ 408 495 503 ]
[2  5  1] :	[ 807 317 360 ]
[3  5  1] :	[ 289 648 365 ]
[4  5  1] :	[ 606 403 563 ]
[5  5  1] :	[ 419 584 663 ]
[6  5  1] :	[ 450 533 613 ]
[7  5  1] :	[ 511 536 345 ]
[8  5  1] :	[ 499 637 747 ]
[9  5  1] :	[ 636 687 575 ]
[10  5  1] :	[ 600 259 623 ]
[1  6  1] :	[ 617 501 487 ]
[2  6  1] :	[ 331 542 551 ]
[3  6  1] :	[ 515 426 525 ]
[4  6  1] :	[ 551 494 517 ]
[5  6  1] :	[ 504 506 552 ]
[6  6  1] :	[ 846 252 222 ]
[7  6  1] :	[ 415 447 755 ]
[8  6  1] :	[ 279 563 662 ]
[9  6  1] :	[ 750 459 502 ]
[10  6  1] :	[ 453 446 448 ]
[1  7  1] :	[ 666 542 452 ]
[2  7  1] :	[ 473 536 482 ]
[3  7  1] :	[ 409 632 750 ]
[4  7  1] :	[ 598 216 493 ]
[5  7  1] :	[ 324 386 482 ]
[6  7  1] :	[ 411 634 614 ]
[7  7  1] :	[ 354 614 384 ]
[8  7  1] :	[ 455 469 416 ]
[9  7  1] :	[ 309 421 623 ]
[10  7  1] :	[ 549 538 447 ]
[1  8  1] :	[ 705 578 737 ]
[2  8  1] :	[ 745 462 505 ]
[3  8  1] :	[ 566 551 478 ]
[4  8  1] :	[ 739 356 339 ]
[5  8  1] :	[ 653 618 628 ]
[6  8  1] :	[ 523 490 270 ]
[7  8  1] :	[ 375 495 777 ]
[8  8  1] :	[ 731 468 668 ]
[9  8  1] :	[ 346 563 435 ]
[10  8  1] :	[ 527 483 570 ]
[1  9  1] :	[ 434 478 398 ]
[2  9  1] :	[ 578 448 552 ]
[3  9  1] :	[ 208 655 651 ]
[4  9  1] :	[ 525 415 543 ]
[5  9  1] :	[ 601 628 389 ]
[6  9  1] :	[ 547 533 124 ]
[7  9  1] :	[ 577 958 309 ]
[8  9  1] :	[ 503 485 607 ]
[9  9  1] :	[ 537 434 422 ]
[10  9  1] :	[ 584 628 503 ]
[1  10  1] :	[ 461 342 542 ]
[2  10  1] :	[ 638 463 714 ]
[3  10  1] :	[ 447 482 259 ]
[4  10  1] :	[ 777 395 193 ]
[5  10  1] :	[ 759 507 357 ]
[6  10  1] :	[ 426 495 645 ]
[7  10  1] :	[ 800 411 411 ]
[8  10  1] :	[ 552 726 342 ]
[9  10  1] :	[ 503 780 552 ]
[10  10  1] :	[ 484 596 528 ]
[1  1  2] :	[ 75 385 703 ]
[2  1  2] :	[ 554 441 591 ]
[3  1  2] :	[ 658 572 620 ]
[4  1  2] :	[ 553 209 500 ]
[5  1  2] :	[ 643 206 388 ]
[6  1  2] :	[ 436 543 661 ]
[7  1  2] :	[ 264 281 362 ]
[8  1  2] :	[ 624 605 361 ]
[9  1  2] :	[ 392 523 508 ]
[10  1  2] :	[ 358 280 624 ]
[1  2  2] :	[ 496 464 713 ]
[2  2  2] :	[ 560 449 409 ]
[3  2  2] :	[ 510 208 755 ]
[4  2  2] :	[ 394 427 628 ]
[5  2  2] :	[ 431 415 601 ]
[6  2  2] :	[ 349 699 613 ]
[7  2  2] :	[ 417 501 460 ]
[8  2  2] :	[ 494 490 535 ]
[9  2  2] :	[ 245 288 450 ]
[10  2  2] :	[ 523 501 530 ]
[1  3  2] :	[ 338 652 652 ]
[2  3  2] :	[ 518 351 298 ]
[3  3  2] :	[ 445 554 725 ]
[4  3  2] :	[ 337 447 544 ]
[5  3  2] :	[ 406 424 529 ]
[6  3  2] :	[ 507 432 774 ]
[7  3  2] :	[ 585 486 283 ]
[8  3  2] :	[ 383 669 237 ]
[9  3  2] :	[ 406 755 277 ]
[10  3  2] :	[ 476 417 475 ]
[1  4  2] :	[ 530 270 508 ]
[2  4  2] :	[ 595 307 399 ]
[3  4  2] :	[ 786 212 447 ]
[4  4  2] :	[ 415 536 537 ]
[5  4  2] :	[ 544 350 632 ]
[6  4  2] :	[ 312 410 44 ]
[7  4  2] :	[ 308 739 541 ]
[8  4  2] :	[ 460 219 831 ]
[9  4  2] :	[ 314 495 797 ]
[10  4  2] :	[ 368 416 875 ]
[1  5  2] :	[ 555 685 464 ]
[2  5  2] :	[ 443 469 484 ]
[3  5  2] :	[ 626 681 582 ]
[4  5  2] :	[ 473 410 547 ]
[5  5  2] :	[ 452 516 580 ]
[6  5  2] :	[ 663 479 413 ]
[7  5  2] :	[ 573 783 179 ]
[8  5  2] :	[ 787 158 584 ]
[9  5  2] :	[ 410 732 642 ]
[10  5  2] :	[ 427 619 792 ]
[1  6  2] :	[ 482 674 582 ]
[2  6  2] :	[ 694 253 399 ]
[3  6  2] :	[ 388 566 605 ]
[4  6  2] :	[ 566 223 593 ]
[5  6  2] :	[ 410 314 677 ]
[6  6  2] :	[ 722 282 594 ]
[7  6  2] :	[ 503 373 563 ]
[8  6  2] :	[ 547 269 716 ]
[9  6  2] :	[ 597 389 568 ]
[10  6  2] :	[ 609 283 465 ]
[1  7  2] :	[ 559 509 525 ]
[2  7  2] :	[ 375 407 625 ]
[3  7  2] :	[ 787 574 406 ]
[4  7  2] :	[ 540 665 810 ]
[5  7  2] :	[ 744 417 516 ]
[6  7  2] :	[ 534 447 713 ]
[7  7  2] :	[ 339 784 359 ]
[8  7  2] :	[ 652 275 607 ]
[9  7  2] :	[ 543 591 401 ]
[10  7  2] :	[ 652 458 483 ]
[1  8  2] :	[ 675 275 505 ]
[2  8  2] :	[ 628 624 322 ]
[3  8  2] :	[ 451 470 546 ]
[4  8  2] :	[ 657 572 505 ]
[5  8  2] :	[ 533 512 599 ]
[6  8  2] :	[ 760 487 506 ]
[7  8  2] :	[ 421 465 635 ]
[8  8  2] :	[ 617 518 384 ]
[9  8  2] :	[ 507 559 536 ]
[10  8  2] :	[ 694 467 382 ]
[1  9  2] :	[ 490 427 699 ]
[2  9  2] :	[ 539 840 563 ]
[3  9  2] :	[ 533 576 598 ]
[4  9  2] :	[ 379 396 473 ]
[5  9  2] :	[ 623 227 453 ]
[6  9  2] :	[ 395 456 698 ]
[7  9  2] :	[ 269 427 626 ]
[8  9  2] :	[ 342 667 434 ]
[9  9  2] :	[ 735 225 537 ]
[10  9  2] :	[ 961 616 453 ]
[1  10  2] :	[ 441 464 554 ]
[2  10  2] :	[ 487 393 599 ]
[3  10  2] :	[ 467 599 562 ]
[4  10  2] :	[ 573 350 524 ]
[5  10  2] :	[ 562 337 427 ]
[6  10  2] :	[ 201 555 638 ]
[7  10  2] :	[ 456 373 388 ]
[8  10  2] :	[ 491 546 621 ]
[9  10  2] :	[ 594 573 349 ]
[10  10  2] :	[ 322 644 504 ]
[1  1  3] :	[ 645 372 628 ]
[2  1  3] :	[ 689 426 436 ]
[3  1  3] :	[ 589 572 401 ]
[4  1  3] :	[ 626 314 757 ]
[5  1  3] :	[ 421 809 447 ]
[6  1  3] :	[ 364 536 693 ]
[7  1  3] :	[ 711 819 485 ]
[8  1  3] :	[ 490 628 389 ]
[9  1  3] :	[ 762 451 672 ]
[10  1  3] :	[ 501 279 687 ]
[1  2  3] :	[ 308 662 614 ]
[2  2  3] :	[ 355 401 726 ]
[3  2  3] :	[ 519 386 548 ]
[4  2  3] :	[ 249 506 795 ]
[5  2  3] :	[ 694 406 483 ]
[6  2  3] :	[ 472 435 649 ]
[7  2  3] :	[ 418 787 477 ]
[8  2  3] :	[ 807 602 249 ]
[9  2  3] :	[ 403 390 658 ]
[10  2  3] :	[ 536 613 721 ]
[1  3  3] :	[ 269 516 677 ]
[2  3  3] :	[ 546 531 504 ]
[3  3  3] :	[ 306 417 842 ]
[4  3  3] :	[ 557 310 666 ]
[5  3  3] :	[ 736 322 341 ]
[6  3  3] :	[ 442 552 633 ]
[7  3  3] :	[ 476 781 512 ]
[8  3  3] :	[ 500 459 339 ]
[9  3  3] :	[ 486 588 659 ]
[10  3  3] :	[ 778 402 210 ]
[1  4  3] :	[ 375 412 664 ]
[2  4  3] :	[ 399 511 492 ]
[3  4  3] :	[ 421 410 716 ]
[4  4  3] :	[ 566 523 789 ]
[5  4  3] :	[ 641 441 223 ]
[6  4  3] :	[ 686 584 517 ]
[7  4  3] :	[ 493 567 471 ]
[8  4  3] :	[ 152 610 466 ]
[9  4  3] :	[ 511 708 345 ]
[10  4  3] :	[ 769 390 416 ]
[1  5  3] :	[ 655 289 472 ]
[2  5  3] :	[ 597 349 328 ]
[3  5  3] :	[ 637 768 428 ]
[4  5  3] :	[ 434 602 548 ]
[5  5  3] :	[ 458 641 588 ]
[6  5  3] :	[ 567 611 638 ]
[7  5  3] :	[ 452 343 661 ]
[8  5  3] :	[ 599 601 581 ]
[9  5  3] :	[ 436 499 460 ]
[10  5  3] :	[ 359 335 561 ]
[1  6  3] :	[ 748 337 622 ]
[2  6  3] :	[ 588 295 446 ]
[3  6  3] :	[ 715 359 630 ]
[4  6  3] :	[ 453 417 540 ]
[5  6  3] :	[ 477 643 617 ]
[6  6  3] :	[ 379 211 438 ]
[7  6  3] :	[ 455 409 213 ]
[8  6  3] :	[ 281 311 730 ]
[9  6  3] :	[ 507 480 604 ]
[10  6  3] :	[ 391 330 771 ]
[1  7  3] :	[ 516 440 438 ]
[2  7  3] :	[ 535 434 347 ]
[3  7  3] :	[ 445 593 263 ]
[4  7  3] :	[ 624 597 508 ]
[5  7  3] :	[ 324 614 670 ]
[6  7  3] :	[ 365 617 587 ]
[7  7  3] :	[ 477 526 551 ]
[8  7  3] :	[ 824 556 283 ]
[9  7  3] :	[ 511 604 861 ]
[10  7  3] :	[ 505 561 395 ]
[1  8  3] :	[ 535 559 368 ]
[2  8  3] :	[ 506 507 635 ]
[3  8  3] :	[ 560 447 499 ]
[4  8  3] :	[ 739 388 467 ]
[5  8  3] :	[ 426 534 596 ]
[6  8  3] :	[ 257 639 410 ]
[7  8  3] :	[ 803 390 676 ]
[8  8  3] :	[ 598 569 400 ]
[9  8  3] :	[ 462 627 750 ]
[10  8  3] :	[ 664 358 374 ]
[1  9  3] :	[ 300 764 533 ]
[2  9  3] :	[ 555 619 467 ]
[3  9  3] :	[ 538 329 376 ]
[4  9  3] :	[ 752 426 341 ]
[5  9  3] :	[ 690 609 460 ]
[6  9  3] :	[ 239 539 770 ]
[7  9  3] :	[ 736 416 581 ]
[8  9  3] :	[ 497 227 539 ]
[9  9  3] :	[ 616 353 531 ]
[10  9  3] :	[ 336 676 356 ]
[1  10  3] :	[ 550 265 726 ]
[2  10  3] :	[ 635 551 636 ]
[3  10  3] :	[ 506 358 490 ]
[4  10  3] :	[ 662 447 423 ]
[5  10  3] :	[ 468 587 229 ]
[6  10  3] :	[ 401 479 578 ]
[7  10  3] :	[ 444 439 539 ]
[8  10  3] :	[ 629 548 680 ]
[9  10  3] :	[ 633 331 249 ]
[10  10  3] :	[ 260 525 434 ]
[1  1  4] :	[ 380 550 494 ]
[2  1  4] :	[ 630 543 248 ]
[3  1  4] :	[ 456 527 621 ]
[4  1  4] :	[ 511 596 570 ]
[5  1  4] :	[ 290 733 371 ]
[6  1  4] :	[ 733 601 344 ]
[7  1  4] :	[ 350 385 439 ]
[8  1  4] :	[ 293 354 497 ]
[9  1  4] :	[ 642 456 487 ]
[10  1  4] :	[ 537 334 412 ]
[1  2  4] :	[ 294 497 461 ]
[2  2  4] :	[ 618 564 271 ]
[3  2  4] :	[ 331 616 184 ]
[4  2  4] :	[ 710 456 455 ]
[5  2  4] :	[ 366 477 742 ]
[6  2  4] :	[ 501 348 674 ]
[7  2  4] :	[ 538 485 609 ]
[8  2  4] :	[ 396 611 430 ]
[9  2  4] :	[ 431 364 601 ]
[10  2  4] :	[ 251 725 313 ]
[1  3  4] :	[ 535 691 544 ]
[2  3  4] :	[ 755 642 386 ]
[3  3  4] :	[ 559 582 502 ]
[4  3  4] :	[ 568 425 411 ]
[5  3  4] :	[ 838 497 499 ]
[6  3  4] :	[ 550 486 526 ]
[7  3  4] :	[ 783 371 499 ]
[8  3  4] :	[ 508 429 471 ]
[9  3  4] :	[ 612 523 497 ]
[10  3  4] :	[ 579 625 120 ]
[1  4  4] :	[ 492 667 467 ]
[2  4  4] :	[ 217 573 508 ]
[3  4  4] :	[ 645 556 454 ]
[4  4  4] :	[ 467 765 276 ]
[5  4  4] :	[ 592 460 402 ]
[6  4  4] :	[ 298 765 356 ]
[7  4  4] :	[ 497 337 579 ]
[8  4  4] :	[ 510 416 553 ]
[9  4  4] :	[ 770 542 296 ]
[10  4  4] :	[ 445 436 544 ]
[1  5  4] :	[ 449 329 861 ]
[2  5  4] :	[ 393 552 512 ]
[3  5  4] :	[ 580 641 466 ]
[4  5  4] :	[ 533 436 703 ]
[5  5  4] :	[ 543 534 482 ]
[6  5  4] :	[ 375 560 670 ]
[7  5  4] :	[ 580 614 551 ]
[8  5  4] :	[ 329 418 402 ]
[9  5  4] :	[ 523 622 457 ]
[10  5  4] :	[ 494 557 464 ]
[1  6  4] :	[ 587 676 602 ]
[2  6  4] :	[ 301 735 681 ]
[3  6  4] :	[ 242 356 555 ]
[4  6  4] :	[ 241 704 556 ]
[5  6  4] :	[ 415 399 481 ]
[6  6  4] :	[ 684 523 565 ]
[7  6  4] :	[ 290 448 571 ]
[8  6  4] :	[ 320 522 376 ]
[9  6  4] :	[ 764 312 361 ]
[10  6  4] :	[ 468 415 467 ]
[1  7  4] :	[ 403 651 375 ]
[2  7  4] :	[ 533 611 449 ]
[3  7  4] :	[ 535 500 584 ]
[4  7  4] :	[ 370 451 808 ]
[5  7  4] :	[ 333 530 337 ]
[6  7  4] :	[ 336 538 506 ]
[7  7  4] :	[ 603 657 507 ]
[8  7  4] :	[ 691 682 613 ]
[9  7  4] :	[ 441 213 364 ]
[10  7  4] :	[ 380 684 586 ]
[1  8  4] :	[ 412 759 579 ]
[2  8  4] :	[ 519 494 587 ]
[3  8  4] :	[ 189 861 619 ]
[4  8  4] :	[ 584 300 657 ]
[5  8  4] :	[ 757 602 323 ]
[6  8  4] :	[ 545 318 294 ]
[7  8  4] :	[ 537 357 565 ]
[8  8  4] :	[ 586 363 456 ]
[9  8  4] :	[ 659 326 612 ]
[10  8  4] :	[ 637 746 340 ]
[1  9  4] :	[ 624 539 691 ]
[2  9  4] :	[ 376 320 452 ]
[3  9  4] :	[ 499 355 629 ]
[4  9  4] :	[ 512 163 376 ]
[5  9  4] :	[ 355 279 536 ]
[6  9  4] :	[ 602 483 328 ]
[7  9  4] :	[ 571 524 359 ]
[8  9  4] :	[ 420 449 648 ]
[9  9  4] :	[ 439 249 446 ]
[10  9  4] :	[ 559 521 652 ]
[1  10  4] :	[ 511 472 547 ]
[2  10  4] :	[ 55 706 377 ]
[3  10  4] :	[ 696 487 371 ]
[4  10  4] :	[ 638 78 451 ]
[5  10  4] :	[ 436 358 659 ]
[6  10  4] :	[ 312 428 714 ]
[7  10  4] :	[ 284 516 831 ]
[8  10  4] :	[ 776 449 610 ]
[9  10  4] :	[ 740 441 450 ]
[10  10  4] :	[ 179 699 757 ]
[1  1  5] :	[ 413 812 377 ]
[2  1  5] :	[ 378 452 763 ]
[3  1  5] :	[ 719 541 499 ]
[4  1  5] :	[ 449 498 404 ]
[5  1  5] :	[ 572 420 526 ]
[6  1  5] :	[ 375 723 456 ]
[7  1  5] :	[ 558 559 625 ]
[8  1  5] :	[ 802 303 488 ]
[9  1  5] :	[ 557 456 438 ]
[10  1  5] :	[ 333 484 648 ]
[1  2  5] :	[ 536 324 383 ]
[2  2  5] :	[ 484 777 517 ]
[3  2  5] :	[ 518 514 336 ]
[4  2  5] :	[ 490 641 488 ]
[5  2  5] :	[ 443 761 550 ]
[6  2  5] :	[ 357 686 690 ]
[7  2  5] :	[ 634 472 439 ]
[8  2  5] :	[ 546 538 388 ]
[9  2  5] :	[ 485 565 380 ]
[10  2  5] :	[ 579 271 534 ]
[1  3  5] :	[ 467 695 341 ]
[2  3  5] :	[ 579 601 259 ]
[3  3  5] :	[ 432 519 437 ]
[4  3  5] :	[ 457 487 888 ]
[5  3  5] :	[ 520 633 825 ]
[6  3  5] :	[ 597 589 491 ]
[7  3  5] :	[ 338 560 653 ]
[8  3  5] :	[ 575 385 607 ]
[9  3  5] :	[ 719 258 358 ]
[10  3  5] :	[ 639 639 570 ]
[1  4  5] :	[ 446 645 611 ]
[2  4  5] :	[ 332 637 439 ]
[3  4  5] :	[ 502 584 325 ]
[4  4  5] :	[ 456 280 655 ]
[5  4  5] :	[ 578 362 496 ]
[6  4  5] :	[ 711 183 393 ]
[7  4  5] :	[ 570 846 158 ]
[8  4  5] :	[ 519 534 496 ]
[9  4  5] :	[ 711 281 559 ]
[10  4  5] :	[ 511 750 381 ]
[1  5  5] :	[ 546 695 603 ]
[2  5  5] :	[ 1000 217 563 ]
[3  5  5] :	[ 583 509 707 ]
[4  5  5] :	[ 628 565 811 ]
[5  5  5] :	[ 310 762 494 ]
[6  5  5] :	[ 374 564 525 ]
[7  5  5] :	[ 586 814 481 ]
[8  5  5] :	[ 604 497 457 ]
[9  5  5] :	[ 509 644 422 ]
[10  5  5] :	[ 498 555 793 ]
[1  6  5] :	[ 393 561 350 ]
[2  6  5] :	[ 696 520 468 ]
[3  6  5] :	[ 562 457 484 ]
[4  6  5] :	[ 453 495 620 ]
[5  6  5] :	[ 638 588 496 ]
[6  6  5] :	[ 504 431 613 ]
[7  6  5] :	[ 425 585 340 ]
[8  6  5] :	[ 551 495 509 ]
[9  6  5] :	[ 442 406 582 ]
[10  6  5] :	[ 616 349 334 ]
[1  7  5] :	[ 369 524 775 ]
[2  7  5] :	[ 635 246 491 ]
[3  7  5] :	[ 540 424 420 ]
[4  7  5] :	[ 677 565 560 ]
[5  7  5] :	[ 691 438 488 ]
[6  7  5] :	[ 575 339 598 ]
[7  7  5] :	[ 378 559 504 ]
[8  7  5] :	[ 551 345 555 ]
[9  7  5] :	[ 545 750 382 ]
[10  7  5] :	[ 568 610 418 ]
[1  8  5] :	[ 230 566 237 ]
[2  8  5] :	[ 425 631 176 ]
[3  8  5] :	[ 727 443 641 ]
[4  8  5] :	[ 588 254 628 ]
[5  8  5] :	[ 384 658 364 ]
[6  8  5] :	[ 319 290 559 ]
[7  8  5] :	[ 600 227 791 ]
[8  8  5] :	[ 574 326 714 ]
[9  8  5] :	[ 347 598 475 ]
[10  8  5] :	[ 597 634 334 ]
[1  9  5] :	[ 714 470 374 ]
[2  9  5] :	[ 572 601 381 ]
[3  9  5] :	[ 652 496 558 ]
[4  9  5] :	[ 577 542 399 ]
[5  9  5] :	[ 553 586 605 ]
[6  9  5] :	[ 581 519 439 ]
[7  9  5] :	[ 533 291 642 ]
[8  9  5] :	[ 692 424 471 ]
[9  9  5] :	[ 499 509 500 ]
[10  9  5] :	[ 140 695 645 ]
[1  10  5] :	[ 580 803 381 ]
[2  10  5] :	[ 641 495 350 ]
[3  10  5] :	[ 522 872 430 ]
[4  10  5] :	[ 483 455 589 ]
[5  10  5] :	[ 271 435 590 ]
[6  10  5] :	[ 262 589 891 ]
[7  10  5] :	[ 428 672 526 ]
[8  10  5] :	[ 436 306 694 ]
[9  10  5] :	[ 442 356 469 ]
[10  10  5] :	[ 567 759 957 ]
[1  1  6] :	[ 594 546 460 ]
[2  1  6] :	[ 405 561 529 ]
[3  1  6] :	[ 577 476 498 ]
[4  1  6] :	[ 879 351 478 ]
[5  1  6] :	[ 592 333 635 ]
[6  1  6] :	[ 475 554 529 ]
[7  1  6] :	[ 942 525 307 ]
[8  1  6] :	[ 572 689 205 ]
[9  1  6] :	[ 599 431 453 ]
[10  1  6] :	[ 509 819 441 ]
[1  2  6] :	[ 605 432 574 ]
[2  2  6] :	[ 506 449 752 ]
[3  2  6] :	[ 319 405 510 ]
[4  2  6] :	[ 188 467 828 ]
[5  2  6] :	[ 346 711 650 ]
[6  2  6] :	[ 828 613 527 ]
[7  2  6] :	[ 446 409 559 ]
[8  2  6] :	[ 534 497 639 ]
[9  2  6] :	[ 346 465 599 ]
[10  2  6] :	[ 153 537 512 ]
[1  3  6] :	[ 647 549 413 ]
[2  3  6] :	[ 408 561 701 ]
[3  3  6] :	[ 625 410 427 ]
[4  3  6] :	[ 765 421 437 ]
[5  3  6] :	[ 479 514 680 ]
[6  3  6] :	[ 380 369 521 ]
[7  3  6] :	[ 497 680 305 ]
[8  3  6] :	[ 453 627 574 ]
[9  3  6] :	[ 567 639 659 ]
[10  3  6] :	[ 565 460 558 ]
[1  4  6] :	[ 401 677 548 ]
[2  4  6] :	[ 644 327 564 ]
[3  4  6] :	[ 466 578 408 ]
[4  4  6] :	[ 315 433 549 ]
[5  4  6] :	[ 408 558 445 ]
[6  4  6] :	[ 726 589 267 ]
[7  4  6] :	[ 665 731 57 ]
[8  4  6] :	[ 221 692 586 ]
[9  4  6] :	[ 606 469 516 ]
[10  4  6] :	[ 394 709 503 ]
[1  5  6] :	[ 620 644 626 ]
[2  5  6] :	[ 490 715 497 ]
[3  5  6] :	[ 476 460 807 ]
[4  5  6] :	[ 328 354 633 ]
[5  5  6] :	[ 637 561 214 ]
[6  5  6] :	[ 777 656 491 ]
[7  5  6] :	[ 493 576 468 ]
[8  5  6] :	[ 270 475 652 ]
[9  5  6] :	[ 578 564 383 ]
[10  5  6] :	[ 478 383 560 ]
[1  6  6] :	[ 406 574 184 ]
[2  6  6] :	[ 176 544 894 ]
[3  6  6] :	[ 375 517 414 ]
[4  6  6] :	[ 568 491 652 ]
[5  6  6] :	[ 757 197 474 ]
[6  6  6] :	[ 494 386 476 ]
[7  6  6] :	[ 753 367 463 ]
[8  6  6] :	[ 561 302 354 ]
[9  6  6] :	[ 306 544 455 ]
[10  6  6] :	[ 406 453 547 ]
[1  7  6] :	[ 410 586 717 ]
[2  7  6] :	[ 644 450 425 ]
[3  7  6] :	[ 310 330 786 ]
[4  7  6] :	[ 905 188 401 ]
[5  7  6] :	[ 357 572 447 ]
[6  7  6] :	[ 328 618 377 ]
[7  7  6] :	[ 475 638 422 ]
[8  7  6] :	[ 367 593 447 ]
[9  7  6] :	[ 574 556 407 ]
[10  7  6] :	[ 440 299 474 ]
[1  8  6] :	[ 647 254 422 ]
[2  8  6] :	[ 297 678 535 ]
[3  8  6] :	[ 542 504 638 ]
[4  8  6] :	[ 540 478 671 ]
[5  8  6] :	[ 489 487 447 ]
[6  8  6] :	[ 426 527 340 ]
[7  8  6] :	[ 612 490 693 ]
[8  8  6] :	[ 328 484 571 ]
[9  8  6] :	[ 440 519 443 ]
[10  8  6] :	[ 700 291 423 ]
[1  9  6] :	[ 434 332 586 ]
[2  9  6] :	[ 417 622 637 ]
[3  9  6] :	[ 357 331 471 ]
[4  9  6] :	[ 541 492 921 ]
[5  9  6] :	[ 303 671 595 ]
[6  9  6] :	[ 343 545 454 ]
[7  9  6] :	[ 533 382 709 ]
[8  9  6] :	[ 525 278 400 ]
[9  9  6] :	[ 632 208 609 ]
[10  9  6] :	[ 577 393 469 ]
[1  10  6] :	[ 594 266 344 ]
[2  10  6] :	[ 758 210 628 ]
[3  10  6] :	[ 467 465 355 ]
[4  10  6] :	[ 499 700 571 ]
[5  10  6] :	[ 654 217 336 ]
[6  10  6] :	[ 742 402 361 ]
[7  10  6] :	[ 607 488 389 ]
[8  10  6] :	[ 466 410 714 ]
[9  10  6] :	[ 519 581 544 ]
[10  10  6] :	[ 641 556 559 ]
[1  1  7] :	[ 577 366 415 ]
[2  1  7] :	[ 177 348 605 ]
[3  1  7] :	[ 62 515 636 ]
[4  1  7] :	[ 514 465 763 ]
[5  1  7] :	[ 839 298 666 ]
[6  1  7] :	[ 189 474 557 ]
[7  1  7] :	[ 278 308 585 ]
[8  1  7] :	[ 451 371 383 ]
[9  1  7] :	[ 504 350 528 ]
[10  1  7] :	[ 296 221 738 ]
[1  2  7] :	[ 270 590 527 ]
[2  2  7] :	[ 414 451 509 ]
[3  2  7] :	[ 413 419 796 ]
[4  2  7] :	[ 644 432 590 ]
[5  2  7] :	[ 587 651 615 ]
[6  2  7] :	[ 434 765 825 ]
[7  2  7] :	[ 501 594 552 ]
[8  2  7] :	[ 615 577 654 ]
[9  2  7] :	[ 268 548 598 ]
[10  2  7] :	[ 540 619 585 ]
[1  3  7] :	[ 605 106 541 ]
[2  3  7] :	[ 524 571 718 ]
[3  3  7] :	[ 436 628 635 ]
[4  3  7] :	[ 697 275 587 ]
[5  3  7] :	[ 553 750 584 ]
[6  3  7] :	[ 443 595 430 ]
[7  3  7] :	[ 617 401 552 ]
[8  3  7] :	[ 634 566 385 ]
[9  3  7] :	[ 569 427 446 ]
[10  3  7] :	[ 468 676 621 ]
[1  4  7] :	[ 552 805 644 ]
[2  4  7] :	[ 521 299 583 ]
[3  4  7] :	[ 581 595 471 ]
[4  4  7] :	[ 424 351 587 ]
[5  4  7] :	[ 461 610 459 ]
[6  4  7] :	[ 294 445 502 ]
[7  4  7] :	[ 514 719 686 ]
[8  4  7] :	[ 678 362 484 ]
[9  4  7] :	[ 523 389 547 ]
[10  4  7] :	[ 354 274 617 ]
[1  5  7] :	[ 418 423 489 ]
[2  5  7] :	[ 464 622 333 ]
[3  5  7] :	[ 812 257 180 ]
[4  5  7] :	[ 546 507 527 ]
[5  5  7] :	[ 360 545 866 ]
[6  5  7] :	[ 444 713 686 ]
[7  5  7] :	[ 570 385 644 ]
[8  5  7] :	[ 521 424 577 ]
[9  5  7] :	[ 406 592 499 ]
[10  5  7] :	[ 561 581 610 ]
[1  6  7] :	[ 428 587 449 ]
[2  6  7] :	[ 512 526 551 ]
[3  6  7] :	[ 784 681 553 ]
[4  6  7] :	[ 592 527 118 ]
[5  6  7] :	[ 830 544 178 ]
[6  6  7] :	[ 508 567 314 ]
[7  6  7] :	[ 665 626 539 ]
[8  6  7] :	[ 258 497 670 ]
[9  6  7] :	[ 722 450 502 ]
[10  6  7] :	[ 397 518 381 ]
[1  7  7] :	[ 550 415 545 ]
[2  7  7] :	[ 503 516 783 ]
[3  7  7] :	[ 652 369 535 ]
[4  7  7] :	[ 373 426 360 ]
[5  7  7] :	[ 466 463 677 ]
[6  7  7] :	[ 554 564 759 ]
[7  7  7] :	[ 430 699 311 ]
[8  7  7] :	[ 444 389 615 ]
[9  7  7] :	[ 456 514 736 ]
[10  7  7] :	[ 476 291 754 ]
[1  8  7] :	[ 629 569 454 ]
[2  8  7] :	[ 722 444 505 ]
[3  8  7] :	[ 503 485 280 ]
[4  8  7] :	[ 744 174 362 ]
[5  8  7] :	[ 254 501 731 ]
[6  8  7] :	[ 621 540 350 ]
[7  8  7] :	[ 448 497 518 ]
[8  8  7] :	[ 696 296 426 ]
[9  8  7] :	[ 521 580 498 ]
[10  8  7] :	[ 653 1 373 ]
[1  9  7] :	[ 630 651 561 ]
[2  9  7] :	[ 483 508 323 ]
[3  9  7] :	[ 502 612 463 ]
[4  9  7] :	[ 833 654 385 ]
[5  9  7] :	[ 594 441 731 ]
[6  9  7] :	[ 354 721 561 ]
[7  9  7] :	[ 500 376 189 ]
[8  9  7] :	[ 839 546 407 ]
[9  9  7] :	[ 595 340 596 ]
[10  9  7] :	[ 552 715 302 ]
[1  10  7] :	[ 498 401 327 ]
[2  10  7] :	[ 569 784 279 ]
[3  10  7] :	[ 611 431 539 ]
[4  10  7] :	[ 525 565 409 ]
[5  10  7] :	[ 515 424 351 ]
[6  10  7] :	[ 471 432 497 ]
[7  10  7] :	[ 424 479 616 ]
[8  10  7] :	[ 514 336 648 ]
[9  10  7] :	[ 400 715 479 ]
[10  10  7] :	[ 446 681 215 ]
[1  1  8] :	[ 378 403 464 ]
[2  1  8] :	[ 379 408 768 ]
[3  1  8] :	[ 199 705 530 ]
[4  1  8] :	[ 526 452 506 ]
[5  1  8] :	[ 413 447 475 ]
[6  1  8] :	[ 500 190 480 ]
[7  1  8] :	[ 467 517 591 ]
[8  1  8] :	[ 438 543 603 ]
[9  1  8] :	[ 524 767 487 ]
[10  1  8] :	[ 528 527 388 ]
[1  2  8] :	[ 540 366 311 ]
[2  2  8] :	[ 493 541 577 ]
[3  2  8] :	[ 527 217 638 ]
[4  2  8] :	[ 608 532 287 ]
[5  2  8] :	[ 439 923 484 ]
[6  2  8] :	[ 525 378 538 ]
[7  2  8] :	[ 604 451 419 ]
[8  2  8] :	[ 642 513 637 ]
[9  2  8] :	[ 448 506 707 ]
[10  2  8] :	[ 377 884 253 ]
[1  3  8] :	[ 364 488 540 ]
[2  3  8] :	[ 355 662 687 ]
[3  3  8] :	[ 586 439 803 ]
[4  3  8] :	[ 445 506 470 ]
[5  3  8] :	[ 391 662 388 ]
[6  3  8] :	[ 713 377 286 ]
[7  3  8] :	[ 361 621 531 ]
[8  3  8] :	[ 810 555 409 ]
[9  3  8] :	[ 549 701 706 ]
[10  3  8] :	[ 648 532 421 ]
[1  4  8] :	[ 605 445 622 ]
[2  4  8] :	[ 547 465 409 ]
[3  4  8] :	[ 396 232 655 ]
[4  4  8] :	[ 161 563 415 ]
[5  4  8] :	[ 369 395 505 ]
[6  4  8] :	[ 495 630 531 ]
[7  4  8] :	[ 488 373 671 ]
[8  4  8] :	[ 354 768 580 ]
[9  4  8] :	[ 480 783 489 ]
[10  4  8] :	[ 341 447 449 ]
[1  5  8] :	[ 470 503 594 ]
[2  5  8] :	[ 374 502 578 ]
[3  5  8] :	[ 279 278 770 ]
[4  5  8] :	[ 655 461 545 ]
[5  5  8] :	[ 374 747 426 ]
[6  5  8] :	[ 573 553 544 ]
[7  5  8] :	[ 665 414 510 ]
[8  5  8] :	[ 371 520 423 ]
[9  5  8] :	[ 746 309 547 ]
[10  5  8] :	[ 650 260 480 ]
[1  6  8] :	[ 431 567 422 ]
[2  6  8] :	[ 769 460 152 ]
[3  6  8] :	[ 361 774 233 ]
[4  6  8] :	[ 447 335 866 ]
[5  6  8] :	[ 263 899 545 ]
[6  6  8] :	[ 500 440 494 ]
[7  6  8] :	[ 460 360 633 ]
[8  6  8] :	[ 284 573 670 ]
[9  6  8] :	[ 515 893 299 ]
[10  6  8] :	[ 820 189 345 ]
[1  7  8] :	[ 684 514 467 ]
[2  7  8] :	[ 752 456 383 ]
[3  7  8] :	[ 454 479 483 ]
[4  7  8] :	[ 123 601 604 ]
[5  7  8] :	[ 562 318 768 ]
[6  7  8] :	[ 732 584 432 ]
[7  7  8] :	[ 492 384 503 ]
[8  7  8] :	[ 459 674 541 ]
[9  7  8] :	[ 649 524 739 ]
[10  7  8] :	[ 436 164 724 ]
[1  8  8] :	[ 402 364 591 ]
[2  8  8] :	[ 647 674 430 ]
[3  8  8] :	[ 737 568 306 ]
[4  8  8] :	[ 303 742 278 ]
[5  8  8] :	[ 510 359 363 ]
[6  8  8] :	[ 559 741 448 ]
[7  8  8] :	[ 427 794 755 ]
[8  8  8] :	[ 632 491 387 ]
[9  8  8] :	[ 725 485 324 ]
[10  8  8] :	[ 322 560 549 ]
[1  9  8] :	[ 640 457 736 ]
[2  9  8] :	[ 372 343 627 ]
[3  9  8] :	[ 448 395 397 ]
[4  9  8] :	[ 654 300 535 ]
[5  9  8] :	[ 521 701 567 ]
[6  9  8] :	[ 626 555 285 ]
[7  9  8] :	[ 588 433 289 ]
[8  9  8] :	[ 423 532 353 ]
[9  9  8] :	[ 505 409 538 ]
[10  9  8] :	[ 408 633 241 ]
[1  10  8] :	[ 539 650 365 ]
[2  10  8] :	[ 228 159 463 ]
[3  10  8] :	[ 612 530 306 ]
[4  10  8] :	[ 659 645 427 ]
[5  10  8] :	[ 557 501 295 ]
[6  10  8] :	[ 329 689 493 ]
[7  10  8] :	[ 547 450 490 ]
[8  10  8] :	[ 333 513 418 ]
[9  10  8] :	[ 245 450 682 ]
[10  10  8] :	[ 342 610 690 ]
[1  1  9] :	[ 286 611 625 ]
[2  1  9] :	[ 376 681 508 ]
[3  1  9] :	[ 682 390 540 ]
[4  1  9] :	[ 585 530 505 ]
[5  1  9] :	[ 285 573 481 ]
[6  1  9] :	[ 463 624 615 ]
[7  1  9] :	[ 411 495 483 ]
[8  1  9] :	[ 448 612 513 ]
[9  1  9] :	[ 493 705 467 ]
[10  1  9] :	[ 554 538 478 ]
[1  2  9] :	[ 545 473 531 ]
[2  2  9] :	[ 583 626 600 ]
[3  2  9] :	[ 422 471 563 ]
[4  2  9] :	[ 332 607 493 ]
[5  2  9] :	[ 618 658 551 ]
[6  2  9] :	[ 662 378 918 ]
[7  2  9] :	[ 716 131 452 ]
[8  2  9] :	[ 529 526 438 ]
[9  2  9] :	[ 525 194 615 ]
[10  2  9] :	[ 469 416 410 ]
[1  3  9] :	[ 348 400 348 ]
[2  3  9] :	[ 383 665 726 ]
[3  3  9] :	[ 553 625 472 ]
[4  3  9] :	[ 243 597 573 ]
[5  3  9] :	[ 648 115 496 ]
[6  3  9] :	[ 525 378 523 ]
[7  3  9] :	[ 273 585 685 ]
[8  3  9] :	[ 546 626 619 ]
[9  3  9] :	[ 580 487 327 ]
[10  3  9] :	[ 406 616 348 ]
[1  4  9] :	[ 553 592 425 ]
[2  4  9] :	[ 614 376 617 ]
[3  4  9] :	[ 661 422 416 ]
[4  4  9] :	[ 495 468 281 ]
[5  4  9] :	[ 539 327 263 ]
[6  4  9] :	[ 701 584 332 ]
[7  4  9] :	[ 619 383 241 ]
[8  4  9] :	[ 557 512 509 ]
[9  4  9] :	[ 402 223 785 ]
[10  4  9] :	[ 666 530 443 ]
[1  5  9] :	[ 409 613 517 ]
[2  5  9] :	[ 833 545 272 ]
[3  5  9] :	[ 532 831 123 ]
[4  5  9] :	[ 628 709 588 ]
[5  5  9] :	[ 519 535 456 ]
[6  5  9] :	[ 644 521 571 ]
[7  5  9] :	[ 674 621 451 ]
[8  5  9] :	[ 480 555 594 ]
[9  5  9] :	[ 420 548 621 ]
[10  5  9] :	[ 546 575 649 ]
[1  6  9] :	[ 506 704 440 ]
[2  6  9] :	[ 799 534 45 ]
[3  6  9] :	[ 637 500 254 ]
[4  6  9] :	[ 705 273 552 ]
[5  6  9] :	[ 708 482 355 ]
[6  6  9] :	[ 536 543 315 ]
[7  6  9] :	[ 422 415 626 ]
[8  6  9] :	[ 477 426 531 ]
[9  6  9] :	[ 539 358 405 ]
[10  6  9] :	[ 420 496 538 ]
[1  7  9] :	[ 413 240 342 ]
[2  7  9] :	[ 429 470 536 ]
[3  7  9] :	[ 712 209 683 ]
[4  7  9] :	[ 437 276 598 ]
[5  7  9] :	[ 300 226 913 ]
[6  7  9] :	[ 666 376 586 ]
[7  7  9] :	[ 609 411 581 ]
[8  7  9] :	[ 616 462 606 ]
[9  7  9] :	[ 869 336 346 ]
[10  7  9] :	[ 478 539 675 ]
[1  8  9] :	[ 733 579 558 ]
[2  8  9] :	[ 549 502 581 ]
[3  8  9] :	[ 381 480 550 ]
[4  8  9] :	[ 600 665 300 ]
[5  8  9] :	[ 625 431 411 ]
[6  8  9] :	[ 564 546 283 ]
[7  8  9] :	[ 210 609 819 ]
[8  8  9] :	[ 503 432 528 ]
[9  8  9] :	[ 551 524 427 ]
[10  8  9] :	[ 478 469 713 ]
[1  9  9] :	[ 396 377 891 ]
[2  9  9] :	[ 813 327 523 ]
[3  9  9] :	[ 455 449 536 ]
[4  9  9] :	[ 774 368 441 ]
[5  9  9] :	[ 578 335 474 ]
[6  9  9] :	[ 467 784 647 ]
[7  9  9] :	[ 396 563 651 ]
[8  9  9] :	[ 640 237 770 ]
[9  9  9] :	[ 754 491 435 ]
[10  9  9] :	[ 384 431 467 ]
[1  10  9] :	[ 459 277 768 ]
[2  10  9] :	[ 609 386 646 ]
[3  10  9] :	[ 511 147 642 ]
[4  10  9] :	[ 742 464 452 ]
[5  10  9] :	[ 615 591 546 ]
[6  10  9] :	[ 352 627 505 ]
[7  10  9] :	[ 708 466 567 ]
[8  10  9] :	[ 670 119 644 ]
[9  10  9] :	[ 441 510 541 ]
[10  10  9] :	[ 335 501 623 ]
[1  1  10] :	[ 583 396 556 ]
[2  1  10] :	[ 611 752 446 ]
[3  1  10] :	[ 495 429 543 ]
[4  1  10] :	[ 425 440 449 ]
[5  1  10] :	[ 562 614 576 ]
[6  1  10] :	[ 494 635 405 ]
[7  1  10] :	[ 370 444 479 ]
[8  1  10] :	[ 271 440 471 ]
[9  1  10] :	[ 515 349 733 ]
[10  1  10] :	[ 451 471 562 ]
[1  2  10] :	[ 370 603 821 ]
[2  2  10] :	[ 473 175 829 ]
[3  2  10] :	[ 516 462 832 ]
[4  2  10] :	[ 563 558 473 ]
[5  2  10] :	[ 567 645 759 ]
[6  2  10] :	[ 539 693 441 ]
[7  2  10] :	[ 389 434 486 ]
[8  2  10] :	[ 613 409 483 ]
[9  2  10] :	[ 643 552 388 ]
[10  2  10] :	[ 485 517 485 ]
[1  3  10] :	[ 278 450 456 ]
[2  3  10] :	[ 261 268 555 ]
[3  3  10] :	[ 661 619 328 ]
[4  3  10] :	[ 459 797 420 ]
[5  3  10] :	[ 667 379 495 ]
[6  3  10] :	[ 627 496 598 ]
[7  3  10] :	[ 794 532 463 ]
[8  3  10] :	[ 359 291 680 ]
[9  3  10] :	[ 384 520 533 ]
[10  3  10] :	[ 498 596 664 ]
[1  4  10] :	[ 558 409 532 ]
[2  4  10] :	[ 475 572 453 ]
[3  4  10] :	[ 648 540 302 ]
[4  4  10] :	[ 428 686 680 ]
[5  4  10] :	[ 290 719 367 ]
[6  4  10] :	[ 410 766 588 ]
[7  4  10] :	[ 468 613 398 ]
[8  4  10] :	[ 532 525 507 ]
[9  4  10] :	[ 535 352 602 ]
[10  4  10] :	[ 393 665 637 ]
[1  5  10] :	[ 376 672 627 ]
[2  5  10] :	[ 584 490 427 ]
[3  5  10] :	[ 359 655 498 ]
[4  5  10] :	[ 691 456 354 ]
[5  5  10] :	[ 475 425 810 ]
[6  5  10] :	[ 562 323 488 ]
[7  5  10] :	[ 522 226 674 ]
[8  5  10] :	[ 574 647 549 ]
[9  5  10] :	[ 554 528 681 ]
[10  5  10] :	[ 370 640 409 ]
[1  6  10] :	[ 701 629 502 ]
[2  6  10] :	[ 595 386 310 ]
[3  6  10] :	[ 600 247 615 ]
[4  6  10] :	[ 566 417 428 ]
[5  6  10] :	[ 450 449 574 ]
[6  6  10] :	[ 418 533 416 ]
[7  6  10] :	[ 517 494 561 ]
[8  6  10] :	[ 283 849 400 ]
[9  6  10] :	[ 498 606 546 ]
[10  6  10] :	[ 754 611 187 ]
[1  7  10] :	[ 509 535 528 ]
[2  7  10] :	[ 590 571 600 ]
[3  7  10] :	[ 501 690 355 ]
[4  7  10] :	[ 472 895 420 ]
[5  7  10] :	[ 780 404 644 ]
[6  7  10] :	[ 703 529 337 ]
[7  7  10] :	[ 505 477 666 ]
[8  7  10] :	[ 468 560 411 ]
[9  7  10] :	[ 573 613 553 ]
[10  7  10] :	[ 317 326 619 ]
[1  8  10] :	[ 330 596 369 ]
[2  8  10] :	[ 781 275 627 ]
[3  8  10] :	[ 593 299 714 ]
[4  8  10] :	[ 572 455 510 ]
[5  8  10] :	[ 573 701 611 ]
[6  8  10] :	[ 404 544 642 ]
[7  8  10] :	[ 545 313 530 ]
[8  8  10] :	[ 425 390 656 ]
[9  8  10] :	[ 242 729 371 ]
[10  8  10] :	[ 563 684 614 ]
[1  9  10] :	[ 315 528 545 ]
[2  9  10] :	[ 464 602 282 ]
[3  9  10] :	[ 502 552 394 ]
[4  9  10] :	[ 233 726 808 ]
[5  9  10] :	[ 462 656 718 ]
[6  9  10] :	[ 531 457 537 ]
[7  9  10] :	[ 464 702 592 ]
[8  9  10] :	[ 436 638 554 ]
[9  9  10] :	[ 530 256 702 ]
[10  9  10] :	[ 643 482 324 ]
[1  10  10] :	[ 530 558 564 ]
[2  10  10] :	[ 539 666 157 ]
[3  10  10] :	[ 334 672 308 ]
[4  10  10] :	[ 447 538 622 ]
[5  10  10] :	[ 464 603 463 ]
[6  10  10] :	[ 461 370 790 ]
[7  10  10] :	[ 155 714 489 ]
[8  10  10] :	[ 354 471 317 ]
[9  10  10] :	[ 547 251 795 ]
[10  10  10] :	[ 535 548 426 ]
