# Generated by GAMUT v1.0.1
# A Game With Uniformly Random Payoffs
# Game Parameter Values:
# Random seed:	1652188552396
# Cmd Line:	-g RandomGame -players 3 -actions 10 -normalize -min_payoff 0.01 -max_payoff 10 -int_payoffs -int_mult 100 -f RG_multi_3_10_1.txt
# Players:	3
# Actions:	10 10 10
# players:	3
# actions:	[10]
[1  1  1] :	[ 588 376 561 ]
[2  1  1] :	[ 528 153 372 ]
[3  1  1] :	[ 24 289 685 ]
[4  1  1] :	[ 726 827 829 ]
[5  1  1] :	[ 775 272 951 ]
[6  1  1] :	[ 92 423 955 ]
[7  1  1] :	[ 759 100 245 ]
[8  1  1] :	[ 184 793 994 ]
[9  1  1] :	[ 717 99 436 ]
[10  1  1] :	[ 522 487 677 ]
[1  2  1] :	[ 303 562 657 ]
[2  2  1] :	[ 423 602 239 ]
[3  2  1] :	[ 65 772 867 ]
[4  2  1] :	[ 205 23 225 ]
[5  2  1] :	[ 400 684 680 ]
[6  2  1] :	[ 665 469 975 ]
[7  2  1] :	[ 145 275 838 ]
[8  2  1] :	[ 172 802 962 ]
[9  2  1] :	[ 456 41 757 ]
[10  2  1] :	[ 216 206 119 ]
[1  3  1] :	[ 227 889 476 ]
[2  3  1] :	[ 319 759 486 ]
[3  3  1] :	[ 916 538 585 ]
[4  3  1] :	[ 133 159 45 ]
[5  3  1] :	[ 55 585 493 ]
[6  3  1] :	[ 681 100 293 ]
[7  3  1] :	[ 403 269 854 ]
[8  3  1] :	[ 746 685 945 ]
[9  3  1] :	[ 117 104 362 ]
[10  3  1] :	[ 529 129 326 ]
[1  4  1] :	[ 914 451 199 ]
[2  4  1] :	[ 892 485 221 ]
[3  4  1] :	[ 108 492 544 ]
[4  4  1] :	[ 881 819 941 ]
[5  4  1] :	[ 191 399 987 ]
[6  4  1] :	[ 10 688 503 ]
[7  4  1] :	[ 933 720 50 ]
[8  4  1] :	[ 32 251 208 ]
[9  4  1] :	[ 523 465 974 ]
[10  4  1] :	[ 160 541 947 ]
[1  5  1] :	[ 283 426 344 ]
[2  5  1] :	[ 771 51 421 ]
[3  5  1] :	[ 761 989 160 ]
[4  5  1] :	[ 526 814 553 ]
[5  5  1] :	[ 378 843 663 ]
[6  5  1] :	[ 125 794 263 ]
[7  5  1] :	[ 158 515 236 ]
[8  5  1] :	[ 20 679 509 ]
[9  5  1] :	[ 842 607 240 ]
[10  5  1] :	[ 691 987 179 ]
[1  6  1] :	[ 826 778 28 ]
[2  6  1] :	[ 311 781 880 ]
[3  6  1] :	[ 941 338 639 ]
[4  6  1] :	[ 42 795 301 ]
[5  6  1] :	[ 163 407 85 ]
[6  6  1] :	[ 889 535 365 ]
[7  6  1] :	[ 458 709 556 ]
[8  6  1] :	[ 60 994 583 ]
[9  6  1] :	[ 446 715 242 ]
[10  6  1] :	[ 600 338 363 ]
[1  7  1] :	[ 433 88 828 ]
[2  7  1] :	[ 642 892 728 ]
[3  7  1] :	[ 28 548 441 ]
[4  7  1] :	[ 580 388 193 ]
[5  7  1] :	[ 750 874 206 ]
[6  7  1] :	[ 846 942 37 ]
[7  7  1] :	[ 128 817 462 ]
[8  7  1] :	[ 585 146 2 ]
[9  7  1] :	[ 154 186 558 ]
[10  7  1] :	[ 257 728 390 ]
[1  8  1] :	[ 127 111 339 ]
[2  8  1] :	[ 314 168 689 ]
[3  8  1] :	[ 750 792 656 ]
[4  8  1] :	[ 187 686 343 ]
[5  8  1] :	[ 506 613 298 ]
[6  8  1] :	[ 620 59 65 ]
[7  8  1] :	[ 339 900 479 ]
[8  8  1] :	[ 245 537 543 ]
[9  8  1] :	[ 186 531 887 ]
[10  8  1] :	[ 304 690 418 ]
[1  9  1] :	[ 50 827 173 ]
[2  9  1] :	[ 809 822 661 ]
[3  9  1] :	[ 948 241 686 ]
[4  9  1] :	[ 635 519 773 ]
[5  9  1] :	[ 770 518 261 ]
[6  9  1] :	[ 30 177 448 ]
[7  9  1] :	[ 912 525 516 ]
[8  9  1] :	[ 754 941 249 ]
[9  9  1] :	[ 650 424 563 ]
[10  9  1] :	[ 208 125 670 ]
[1  10  1] :	[ 649 482 482 ]
[2  10  1] :	[ 749 993 197 ]
[3  10  1] :	[ 675 437 487 ]
[4  10  1] :	[ 680 112 316 ]
[5  10  1] :	[ 510 26 401 ]
[6  10  1] :	[ 385 478 181 ]
[7  10  1] :	[ 772 276 847 ]
[8  10  1] :	[ 700 276 785 ]
[9  10  1] :	[ 39 280 251 ]
[10  10  1] :	[ 295 680 260 ]
[1  1  2] :	[ 326 93 288 ]
[2  1  2] :	[ 320 129 580 ]
[3  1  2] :	[ 3 726 201 ]
[4  1  2] :	[ 828 291 594 ]
[5  1  2] :	[ 138 980 571 ]
[6  1  2] :	[ 820 795 548 ]
[7  1  2] :	[ 580 524 550 ]
[8  1  2] :	[ 742 910 57 ]
[9  1  2] :	[ 944 587 568 ]
[10  1  2] :	[ 908 762 729 ]
[1  2  2] :	[ 584 131 502 ]
[2  2  2] :	[ 519 674 212 ]
[3  2  2] :	[ 484 170 710 ]
[4  2  2] :	[ 685 304 527 ]
[5  2  2] :	[ 283 165 187 ]
[6  2  2] :	[ 263 951 867 ]
[7  2  2] :	[ 830 125 880 ]
[8  2  2] :	[ 183 731 185 ]
[9  2  2] :	[ 436 290 587 ]
[10  2  2] :	[ 918 951 342 ]
[1  3  2] :	[ 327 339 351 ]
[2  3  2] :	[ 282 495 347 ]
[3  3  2] :	[ 499 928 232 ]
[4  3  2] :	[ 895 166 549 ]
[5  3  2] :	[ 822 607 283 ]
[6  3  2] :	[ 814 866 949 ]
[7  3  2] :	[ 715 637 443 ]
[8  3  2] :	[ 185 119 158 ]
[9  3  2] :	[ 229 854 613 ]
[10  3  2] :	[ 808 465 698 ]
[1  4  2] :	[ 836 186 796 ]
[2  4  2] :	[ 559 724 232 ]
[3  4  2] :	[ 499 988 749 ]
[4  4  2] :	[ 60 308 1000 ]
[5  4  2] :	[ 655 594 118 ]
[6  4  2] :	[ 648 733 90 ]
[7  4  2] :	[ 86 880 502 ]
[8  4  2] :	[ 526 277 437 ]
[9  4  2] :	[ 255 776 824 ]
[10  4  2] :	[ 386 311 471 ]
[1  5  2] :	[ 748 263 952 ]
[2  5  2] :	[ 466 979 676 ]
[3  5  2] :	[ 993 862 834 ]
[4  5  2] :	[ 684 617 599 ]
[5  5  2] :	[ 199 191 649 ]
[6  5  2] :	[ 756 912 114 ]
[7  5  2] :	[ 675 811 424 ]
[8  5  2] :	[ 109 536 286 ]
[9  5  2] :	[ 586 168 506 ]
[10  5  2] :	[ 398 600 519 ]
[1  6  2] :	[ 149 571 482 ]
[2  6  2] :	[ 860 211 895 ]
[3  6  2] :	[ 129 114 129 ]
[4  6  2] :	[ 961 973 568 ]
[5  6  2] :	[ 669 763 501 ]
[6  6  2] :	[ 482 994 745 ]
[7  6  2] :	[ 376 977 978 ]
[8  6  2] :	[ 460 746 312 ]
[9  6  2] :	[ 883 691 382 ]
[10  6  2] :	[ 435 638 371 ]
[1  7  2] :	[ 620 67 815 ]
[2  7  2] :	[ 72 793 405 ]
[3  7  2] :	[ 59 383 690 ]
[4  7  2] :	[ 962 170 24 ]
[5  7  2] :	[ 816 976 255 ]
[6  7  2] :	[ 79 730 291 ]
[7  7  2] :	[ 366 401 459 ]
[8  7  2] :	[ 596 817 820 ]
[9  7  2] :	[ 75 441 960 ]
[10  7  2] :	[ 468 830 498 ]
[1  8  2] :	[ 507 232 860 ]
[2  8  2] :	[ 138 644 92 ]
[3  8  2] :	[ 356 481 81 ]
[4  8  2] :	[ 812 291 762 ]
[5  8  2] :	[ 852 297 210 ]
[6  8  2] :	[ 15 182 707 ]
[7  8  2] :	[ 367 783 959 ]
[8  8  2] :	[ 305 484 839 ]
[9  8  2] :	[ 398 873 705 ]
[10  8  2] :	[ 633 294 460 ]
[1  9  2] :	[ 905 512 844 ]
[2  9  2] :	[ 163 388 602 ]
[3  9  2] :	[ 431 643 102 ]
[4  9  2] :	[ 586 851 48 ]
[5  9  2] :	[ 987 539 495 ]
[6  9  2] :	[ 79 728 373 ]
[7  9  2] :	[ 621 26 174 ]
[8  9  2] :	[ 464 439 642 ]
[9  9  2] :	[ 983 463 941 ]
[10  9  2] :	[ 936 575 370 ]
[1  10  2] :	[ 530 57 288 ]
[2  10  2] :	[ 465 305 694 ]
[3  10  2] :	[ 796 812 507 ]
[4  10  2] :	[ 611 180 641 ]
[5  10  2] :	[ 38 205 754 ]
[6  10  2] :	[ 80 135 269 ]
[7  10  2] :	[ 695 385 277 ]
[8  10  2] :	[ 459 742 27 ]
[9  10  2] :	[ 133 310 779 ]
[10  10  2] :	[ 736 899 54 ]
[1  1  3] :	[ 882 879 692 ]
[2  1  3] :	[ 865 512 365 ]
[3  1  3] :	[ 747 659 879 ]
[4  1  3] :	[ 576 59 992 ]
[5  1  3] :	[ 174 732 753 ]
[6  1  3] :	[ 169 230 469 ]
[7  1  3] :	[ 910 161 456 ]
[8  1  3] :	[ 343 803 550 ]
[9  1  3] :	[ 304 448 481 ]
[10  1  3] :	[ 278 329 316 ]
[1  2  3] :	[ 445 641 955 ]
[2  2  3] :	[ 798 690 631 ]
[3  2  3] :	[ 366 682 782 ]
[4  2  3] :	[ 399 568 372 ]
[5  2  3] :	[ 703 384 560 ]
[6  2  3] :	[ 119 157 360 ]
[7  2  3] :	[ 709 871 691 ]
[8  2  3] :	[ 496 907 63 ]
[9  2  3] :	[ 462 301 783 ]
[10  2  3] :	[ 327 730 200 ]
[1  3  3] :	[ 306 376 191 ]
[2  3  3] :	[ 376 366 77 ]
[3  3  3] :	[ 79 412 545 ]
[4  3  3] :	[ 30 559 217 ]
[5  3  3] :	[ 108 823 303 ]
[6  3  3] :	[ 711 418 484 ]
[7  3  3] :	[ 312 747 386 ]
[8  3  3] :	[ 562 969 755 ]
[9  3  3] :	[ 264 697 49 ]
[10  3  3] :	[ 739 105 485 ]
[1  4  3] :	[ 878 272 440 ]
[2  4  3] :	[ 980 171 339 ]
[3  4  3] :	[ 303 136 67 ]
[4  4  3] :	[ 3 544 114 ]
[5  4  3] :	[ 804 77 489 ]
[6  4  3] :	[ 411 43 221 ]
[7  4  3] :	[ 399 428 281 ]
[8  4  3] :	[ 119 847 211 ]
[9  4  3] :	[ 986 713 91 ]
[10  4  3] :	[ 795 47 759 ]
[1  5  3] :	[ 745 812 876 ]
[2  5  3] :	[ 347 601 710 ]
[3  5  3] :	[ 68 405 188 ]
[4  5  3] :	[ 276 776 605 ]
[5  5  3] :	[ 814 910 114 ]
[6  5  3] :	[ 567 130 452 ]
[7  5  3] :	[ 748 709 929 ]
[8  5  3] :	[ 231 484 598 ]
[9  5  3] :	[ 815 411 121 ]
[10  5  3] :	[ 231 572 623 ]
[1  6  3] :	[ 49 191 546 ]
[2  6  3] :	[ 355 68 291 ]
[3  6  3] :	[ 141 538 689 ]
[4  6  3] :	[ 885 543 331 ]
[5  6  3] :	[ 748 751 157 ]
[6  6  3] :	[ 111 495 98 ]
[7  6  3] :	[ 805 312 458 ]
[8  6  3] :	[ 13 677 843 ]
[9  6  3] :	[ 298 409 142 ]
[10  6  3] :	[ 466 519 305 ]
[1  7  3] :	[ 40 721 420 ]
[2  7  3] :	[ 136 762 666 ]
[3  7  3] :	[ 890 592 474 ]
[4  7  3] :	[ 958 695 420 ]
[5  7  3] :	[ 109 579 709 ]
[6  7  3] :	[ 479 375 808 ]
[7  7  3] :	[ 150 354 829 ]
[8  7  3] :	[ 880 244 742 ]
[9  7  3] :	[ 267 142 912 ]
[10  7  3] :	[ 891 52 418 ]
[1  8  3] :	[ 983 370 744 ]
[2  8  3] :	[ 719 214 543 ]
[3  8  3] :	[ 372 399 820 ]
[4  8  3] :	[ 229 919 357 ]
[5  8  3] :	[ 576 118 216 ]
[6  8  3] :	[ 900 568 752 ]
[7  8  3] :	[ 173 438 522 ]
[8  8  3] :	[ 6 482 285 ]
[9  8  3] :	[ 285 266 235 ]
[10  8  3] :	[ 433 425 772 ]
[1  9  3] :	[ 632 334 103 ]
[2  9  3] :	[ 837 881 401 ]
[3  9  3] :	[ 337 41 630 ]
[4  9  3] :	[ 151 567 770 ]
[5  9  3] :	[ 786 644 883 ]
[6  9  3] :	[ 949 398 178 ]
[7  9  3] :	[ 688 134 307 ]
[8  9  3] :	[ 961 584 657 ]
[9  9  3] :	[ 695 866 185 ]
[10  9  3] :	[ 948 245 196 ]
[1  10  3] :	[ 206 675 582 ]
[2  10  3] :	[ 831 634 902 ]
[3  10  3] :	[ 865 18 962 ]
[4  10  3] :	[ 10 875 558 ]
[5  10  3] :	[ 522 744 710 ]
[6  10  3] :	[ 124 699 388 ]
[7  10  3] :	[ 264 962 385 ]
[8  10  3] :	[ 711 980 308 ]
[9  10  3] :	[ 379 53 978 ]
[10  10  3] :	[ 393 545 631 ]
[1  1  4] :	[ 549 93 489 ]
[2  1  4] :	[ 896 199 869 ]
[3  1  4] :	[ 145 586 854 ]
[4  1  4] :	[ 852 197 921 ]
[5  1  4] :	[ 586 642 455 ]
[6  1  4] :	[ 245 238 624 ]
[7  1  4] :	[ 373 303 614 ]
[8  1  4] :	[ 377 691 264 ]
[9  1  4] :	[ 499 65 805 ]
[10  1  4] :	[ 531 604 536 ]
[1  2  4] :	[ 789 374 702 ]
[2  2  4] :	[ 213 229 411 ]
[3  2  4] :	[ 628 772 885 ]
[4  2  4] :	[ 35 523 27 ]
[5  2  4] :	[ 995 907 685 ]
[6  2  4] :	[ 402 458 790 ]
[7  2  4] :	[ 669 872 493 ]
[8  2  4] :	[ 96 809 271 ]
[9  2  4] :	[ 364 692 165 ]
[10  2  4] :	[ 411 663 727 ]
[1  3  4] :	[ 34 585 229 ]
[2  3  4] :	[ 434 520 576 ]
[3  3  4] :	[ 205 149 351 ]
[4  3  4] :	[ 518 932 70 ]
[5  3  4] :	[ 89 576 324 ]
[6  3  4] :	[ 595 94 660 ]
[7  3  4] :	[ 144 438 142 ]
[8  3  4] :	[ 120 117 100 ]
[9  3  4] :	[ 388 631 142 ]
[10  3  4] :	[ 686 429 311 ]
[1  4  4] :	[ 942 530 603 ]
[2  4  4] :	[ 420 387 508 ]
[3  4  4] :	[ 293 885 372 ]
[4  4  4] :	[ 505 931 268 ]
[5  4  4] :	[ 566 982 588 ]
[6  4  4] :	[ 752 579 186 ]
[7  4  4] :	[ 541 159 89 ]
[8  4  4] :	[ 143 964 19 ]
[9  4  4] :	[ 247 215 936 ]
[10  4  4] :	[ 239 258 652 ]
[1  5  4] :	[ 291 947 360 ]
[2  5  4] :	[ 284 447 730 ]
[3  5  4] :	[ 572 210 249 ]
[4  5  4] :	[ 523 463 108 ]
[5  5  4] :	[ 5 148 908 ]
[6  5  4] :	[ 582 394 592 ]
[7  5  4] :	[ 250 781 618 ]
[8  5  4] :	[ 900 536 364 ]
[9  5  4] :	[ 210 749 560 ]
[10  5  4] :	[ 802 204 574 ]
[1  6  4] :	[ 193 879 945 ]
[2  6  4] :	[ 416 154 244 ]
[3  6  4] :	[ 687 482 694 ]
[4  6  4] :	[ 813 263 808 ]
[5  6  4] :	[ 842 837 527 ]
[6  6  4] :	[ 283 805 498 ]
[7  6  4] :	[ 998 733 831 ]
[8  6  4] :	[ 964 82 748 ]
[9  6  4] :	[ 335 933 548 ]
[10  6  4] :	[ 391 383 827 ]
[1  7  4] :	[ 473 976 689 ]
[2  7  4] :	[ 968 683 657 ]
[3  7  4] :	[ 122 279 857 ]
[4  7  4] :	[ 642 341 232 ]
[5  7  4] :	[ 820 493 605 ]
[6  7  4] :	[ 90 263 78 ]
[7  7  4] :	[ 958 721 31 ]
[8  7  4] :	[ 469 994 629 ]
[9  7  4] :	[ 413 265 140 ]
[10  7  4] :	[ 158 333 556 ]
[1  8  4] :	[ 920 246 178 ]
[2  8  4] :	[ 50 6 504 ]
[3  8  4] :	[ 45 651 908 ]
[4  8  4] :	[ 827 585 148 ]
[5  8  4] :	[ 97 258 231 ]
[6  8  4] :	[ 515 936 295 ]
[7  8  4] :	[ 532 750 311 ]
[8  8  4] :	[ 407 537 74 ]
[9  8  4] :	[ 995 59 620 ]
[10  8  4] :	[ 812 856 183 ]
[1  9  4] :	[ 942 259 735 ]
[2  9  4] :	[ 655 771 321 ]
[3  9  4] :	[ 431 974 212 ]
[4  9  4] :	[ 851 551 98 ]
[5  9  4] :	[ 525 120 114 ]
[6  9  4] :	[ 44 85 998 ]
[7  9  4] :	[ 708 684 200 ]
[8  9  4] :	[ 112 684 921 ]
[9  9  4] :	[ 501 354 347 ]
[10  9  4] :	[ 254 298 893 ]
[1  10  4] :	[ 339 605 362 ]
[2  10  4] :	[ 45 471 173 ]
[3  10  4] :	[ 842 145 35 ]
[4  10  4] :	[ 946 661 877 ]
[5  10  4] :	[ 263 529 537 ]
[6  10  4] :	[ 340 933 842 ]
[7  10  4] :	[ 972 503 331 ]
[8  10  4] :	[ 304 923 602 ]
[9  10  4] :	[ 655 138 617 ]
[10  10  4] :	[ 473 727 514 ]
[1  1  5] :	[ 930 747 335 ]
[2  1  5] :	[ 330 23 366 ]
[3  1  5] :	[ 834 590 488 ]
[4  1  5] :	[ 864 687 486 ]
[5  1  5] :	[ 65 447 479 ]
[6  1  5] :	[ 489 118 968 ]
[7  1  5] :	[ 559 989 439 ]
[8  1  5] :	[ 530 863 285 ]
[9  1  5] :	[ 641 569 694 ]
[10  1  5] :	[ 986 322 6 ]
[1  2  5] :	[ 149 264 444 ]
[2  2  5] :	[ 195 682 680 ]
[3  2  5] :	[ 888 208 819 ]
[4  2  5] :	[ 758 926 216 ]
[5  2  5] :	[ 306 837 439 ]
[6  2  5] :	[ 572 145 229 ]
[7  2  5] :	[ 79 510 774 ]
[8  2  5] :	[ 138 200 267 ]
[9  2  5] :	[ 356 357 320 ]
[10  2  5] :	[ 802 550 250 ]
[1  3  5] :	[ 61 257 372 ]
[2  3  5] :	[ 135 21 733 ]
[3  3  5] :	[ 756 761 793 ]
[4  3  5] :	[ 963 188 228 ]
[5  3  5] :	[ 369 989 376 ]
[6  3  5] :	[ 338 540 992 ]
[7  3  5] :	[ 253 92 482 ]
[8  3  5] :	[ 40 718 746 ]
[9  3  5] :	[ 604 595 460 ]
[10  3  5] :	[ 618 944 314 ]
[1  4  5] :	[ 878 616 814 ]
[2  4  5] :	[ 823 572 294 ]
[3  4  5] :	[ 149 878 163 ]
[4  4  5] :	[ 69 26 560 ]
[5  4  5] :	[ 193 146 136 ]
[6  4  5] :	[ 928 699 595 ]
[7  4  5] :	[ 520 864 636 ]
[8  4  5] :	[ 963 818 666 ]
[9  4  5] :	[ 702 812 343 ]
[10  4  5] :	[ 333 279 548 ]
[1  5  5] :	[ 762 375 131 ]
[2  5  5] :	[ 969 877 408 ]
[3  5  5] :	[ 250 20 926 ]
[4  5  5] :	[ 765 688 347 ]
[5  5  5] :	[ 172 837 560 ]
[6  5  5] :	[ 394 26 897 ]
[7  5  5] :	[ 409 909 819 ]
[8  5  5] :	[ 702 8 973 ]
[9  5  5] :	[ 436 256 287 ]
[10  5  5] :	[ 856 413 743 ]
[1  6  5] :	[ 466 278 779 ]
[2  6  5] :	[ 790 689 943 ]
[3  6  5] :	[ 877 882 403 ]
[4  6  5] :	[ 536 622 985 ]
[5  6  5] :	[ 495 704 194 ]
[6  6  5] :	[ 168 715 980 ]
[7  6  5] :	[ 935 280 227 ]
[8  6  5] :	[ 946 321 564 ]
[9  6  5] :	[ 251 457 223 ]
[10  6  5] :	[ 404 598 161 ]
[1  7  5] :	[ 329 283 586 ]
[2  7  5] :	[ 104 497 439 ]
[3  7  5] :	[ 242 717 52 ]
[4  7  5] :	[ 600 933 87 ]
[5  7  5] :	[ 479 687 566 ]
[6  7  5] :	[ 968 773 341 ]
[7  7  5] :	[ 257 680 722 ]
[8  7  5] :	[ 642 972 660 ]
[9  7  5] :	[ 749 490 956 ]
[10  7  5] :	[ 154 540 647 ]
[1  8  5] :	[ 899 255 585 ]
[2  8  5] :	[ 602 708 254 ]
[3  8  5] :	[ 911 51 427 ]
[4  8  5] :	[ 62 772 960 ]
[5  8  5] :	[ 321 270 767 ]
[6  8  5] :	[ 919 403 300 ]
[7  8  5] :	[ 894 681 691 ]
[8  8  5] :	[ 932 330 636 ]
[9  8  5] :	[ 321 465 317 ]
[10  8  5] :	[ 193 218 661 ]
[1  9  5] :	[ 397 942 416 ]
[2  9  5] :	[ 644 368 795 ]
[3  9  5] :	[ 266 910 754 ]
[4  9  5] :	[ 239 710 641 ]
[5  9  5] :	[ 320 224 531 ]
[6  9  5] :	[ 611 96 222 ]
[7  9  5] :	[ 970 50 685 ]
[8  9  5] :	[ 429 403 973 ]
[9  9  5] :	[ 151 159 811 ]
[10  9  5] :	[ 659 627 995 ]
[1  10  5] :	[ 666 141 887 ]
[2  10  5] :	[ 378 403 804 ]
[3  10  5] :	[ 515 904 154 ]
[4  10  5] :	[ 466 983 785 ]
[5  10  5] :	[ 519 557 906 ]
[6  10  5] :	[ 572 184 397 ]
[7  10  5] :	[ 961 477 895 ]
[8  10  5] :	[ 875 498 365 ]
[9  10  5] :	[ 886 236 646 ]
[10  10  5] :	[ 760 108 99 ]
[1  1  6] :	[ 821 18 763 ]
[2  1  6] :	[ 274 863 151 ]
[3  1  6] :	[ 468 411 730 ]
[4  1  6] :	[ 667 85 51 ]
[5  1  6] :	[ 531 172 631 ]
[6  1  6] :	[ 148 952 425 ]
[7  1  6] :	[ 967 751 559 ]
[8  1  6] :	[ 1000 909 92 ]
[9  1  6] :	[ 253 685 223 ]
[10  1  6] :	[ 986 216 297 ]
[1  2  6] :	[ 507 118 979 ]
[2  2  6] :	[ 617 340 461 ]
[3  2  6] :	[ 876 781 145 ]
[4  2  6] :	[ 826 45 521 ]
[5  2  6] :	[ 191 291 293 ]
[6  2  6] :	[ 360 801 38 ]
[7  2  6] :	[ 610 1000 304 ]
[8  2  6] :	[ 967 834 883 ]
[9  2  6] :	[ 550 292 20 ]
[10  2  6] :	[ 130 807 218 ]
[1  3  6] :	[ 314 844 695 ]
[2  3  6] :	[ 704 769 78 ]
[3  3  6] :	[ 389 280 346 ]
[4  3  6] :	[ 584 707 834 ]
[5  3  6] :	[ 529 851 875 ]
[6  3  6] :	[ 331 374 825 ]
[7  3  6] :	[ 651 434 536 ]
[8  3  6] :	[ 130 265 83 ]
[9  3  6] :	[ 794 594 101 ]
[10  3  6] :	[ 200 860 356 ]
[1  4  6] :	[ 326 790 817 ]
[2  4  6] :	[ 849 760 918 ]
[3  4  6] :	[ 344 546 101 ]
[4  4  6] :	[ 189 999 388 ]
[5  4  6] :	[ 251 627 253 ]
[6  4  6] :	[ 494 914 98 ]
[7  4  6] :	[ 579 839 798 ]
[8  4  6] :	[ 671 920 323 ]
[9  4  6] :	[ 734 713 55 ]
[10  4  6] :	[ 817 794 783 ]
[1  5  6] :	[ 908 565 985 ]
[2  5  6] :	[ 826 646 542 ]
[3  5  6] :	[ 449 572 495 ]
[4  5  6] :	[ 221 158 479 ]
[5  5  6] :	[ 548 508 5 ]
[6  5  6] :	[ 42 502 486 ]
[7  5  6] :	[ 811 816 158 ]
[8  5  6] :	[ 3 243 16 ]
[9  5  6] :	[ 754 79 825 ]
[10  5  6] :	[ 129 655 549 ]
[1  6  6] :	[ 252 616 711 ]
[2  6  6] :	[ 379 987 347 ]
[3  6  6] :	[ 627 587 673 ]
[4  6  6] :	[ 147 49 793 ]
[5  6  6] :	[ 270 480 620 ]
[6  6  6] :	[ 960 908 39 ]
[7  6  6] :	[ 233 65 399 ]
[8  6  6] :	[ 778 797 25 ]
[9  6  6] :	[ 4 708 361 ]
[10  6  6] :	[ 451 545 583 ]
[1  7  6] :	[ 108 446 187 ]
[2  7  6] :	[ 485 816 966 ]
[3  7  6] :	[ 257 167 619 ]
[4  7  6] :	[ 998 275 968 ]
[5  7  6] :	[ 517 132 970 ]
[6  7  6] :	[ 16 939 937 ]
[7  7  6] :	[ 432 446 791 ]
[8  7  6] :	[ 923 692 356 ]
[9  7  6] :	[ 866 759 995 ]
[10  7  6] :	[ 263 166 859 ]
[1  8  6] :	[ 709 893 704 ]
[2  8  6] :	[ 414 343 252 ]
[3  8  6] :	[ 608 417 423 ]
[4  8  6] :	[ 36 874 288 ]
[5  8  6] :	[ 29 626 997 ]
[6  8  6] :	[ 224 650 104 ]
[7  8  6] :	[ 756 521 646 ]
[8  8  6] :	[ 939 872 707 ]
[9  8  6] :	[ 988 275 907 ]
[10  8  6] :	[ 482 167 18 ]
[1  9  6] :	[ 725 155 109 ]
[2  9  6] :	[ 268 76 457 ]
[3  9  6] :	[ 699 966 392 ]
[4  9  6] :	[ 371 43 30 ]
[5  9  6] :	[ 659 881 903 ]
[6  9  6] :	[ 653 319 363 ]
[7  9  6] :	[ 850 914 529 ]
[8  9  6] :	[ 660 545 279 ]
[9  9  6] :	[ 728 766 224 ]
[10  9  6] :	[ 122 378 428 ]
[1  10  6] :	[ 886 928 993 ]
[2  10  6] :	[ 933 921 388 ]
[3  10  6] :	[ 992 771 906 ]
[4  10  6] :	[ 220 737 889 ]
[5  10  6] :	[ 81 191 124 ]
[6  10  6] :	[ 767 572 442 ]
[7  10  6] :	[ 446 587 803 ]
[8  10  6] :	[ 970 857 385 ]
[9  10  6] :	[ 616 793 636 ]
[10  10  6] :	[ 157 572 118 ]
[1  1  7] :	[ 649 572 569 ]
[2  1  7] :	[ 618 855 98 ]
[3  1  7] :	[ 379 734 423 ]
[4  1  7] :	[ 88 993 763 ]
[5  1  7] :	[ 56 587 633 ]
[6  1  7] :	[ 422 417 412 ]
[7  1  7] :	[ 167 422 126 ]
[8  1  7] :	[ 368 221 606 ]
[9  1  7] :	[ 657 277 662 ]
[10  1  7] :	[ 117 607 894 ]
[1  2  7] :	[ 301 132 242 ]
[2  2  7] :	[ 657 568 678 ]
[3  2  7] :	[ 895 672 686 ]
[4  2  7] :	[ 167 840 270 ]
[5  2  7] :	[ 308 362 447 ]
[6  2  7] :	[ 1 912 627 ]
[7  2  7] :	[ 59 911 294 ]
[8  2  7] :	[ 481 788 548 ]
[9  2  7] :	[ 337 665 593 ]
[10  2  7] :	[ 192 874 176 ]
[1  3  7] :	[ 350 448 868 ]
[2  3  7] :	[ 950 326 484 ]
[3  3  7] :	[ 303 209 426 ]
[4  3  7] :	[ 864 176 756 ]
[5  3  7] :	[ 775 156 711 ]
[6  3  7] :	[ 908 780 223 ]
[7  3  7] :	[ 465 101 554 ]
[8  3  7] :	[ 400 285 634 ]
[9  3  7] :	[ 693 531 193 ]
[10  3  7] :	[ 462 764 225 ]
[1  4  7] :	[ 149 420 477 ]
[2  4  7] :	[ 498 284 790 ]
[3  4  7] :	[ 461 437 649 ]
[4  4  7] :	[ 626 756 384 ]
[5  4  7] :	[ 733 858 622 ]
[6  4  7] :	[ 656 29 781 ]
[7  4  7] :	[ 32 773 659 ]
[8  4  7] :	[ 175 264 707 ]
[9  4  7] :	[ 710 955 333 ]
[10  4  7] :	[ 719 182 979 ]
[1  5  7] :	[ 627 935 662 ]
[2  5  7] :	[ 310 976 935 ]
[3  5  7] :	[ 704 66 588 ]
[4  5  7] :	[ 268 563 700 ]
[5  5  7] :	[ 722 997 459 ]
[6  5  7] :	[ 447 697 94 ]
[7  5  7] :	[ 744 460 873 ]
[8  5  7] :	[ 724 406 103 ]
[9  5  7] :	[ 521 268 140 ]
[10  5  7] :	[ 741 81 200 ]
[1  6  7] :	[ 838 326 183 ]
[2  6  7] :	[ 812 693 55 ]
[3  6  7] :	[ 913 110 287 ]
[4  6  7] :	[ 409 276 131 ]
[5  6  7] :	[ 973 862 460 ]
[6  6  7] :	[ 349 579 693 ]
[7  6  7] :	[ 543 804 947 ]
[8  6  7] :	[ 377 509 80 ]
[9  6  7] :	[ 136 209 2 ]
[10  6  7] :	[ 275 144 940 ]
[1  7  7] :	[ 90 689 875 ]
[2  7  7] :	[ 440 403 996 ]
[3  7  7] :	[ 690 594 401 ]
[4  7  7] :	[ 335 297 932 ]
[5  7  7] :	[ 211 862 914 ]
[6  7  7] :	[ 744 426 22 ]
[7  7  7] :	[ 617 790 483 ]
[8  7  7] :	[ 977 526 38 ]
[9  7  7] :	[ 760 399 33 ]
[10  7  7] :	[ 275 340 90 ]
[1  8  7] :	[ 562 821 441 ]
[2  8  7] :	[ 714 477 43 ]
[3  8  7] :	[ 913 249 594 ]
[4  8  7] :	[ 833 804 634 ]
[5  8  7] :	[ 453 747 941 ]
[6  8  7] :	[ 511 904 984 ]
[7  8  7] :	[ 676 850 804 ]
[8  8  7] :	[ 38 426 750 ]
[9  8  7] :	[ 619 372 405 ]
[10  8  7] :	[ 672 506 183 ]
[1  9  7] :	[ 998 897 5 ]
[2  9  7] :	[ 900 545 57 ]
[3  9  7] :	[ 839 843 922 ]
[4  9  7] :	[ 172 412 133 ]
[5  9  7] :	[ 210 748 537 ]
[6  9  7] :	[ 730 874 126 ]
[7  9  7] :	[ 585 269 390 ]
[8  9  7] :	[ 483 746 168 ]
[9  9  7] :	[ 926 556 307 ]
[10  9  7] :	[ 351 763 450 ]
[1  10  7] :	[ 918 807 386 ]
[2  10  7] :	[ 615 614 109 ]
[3  10  7] :	[ 792 439 957 ]
[4  10  7] :	[ 992 405 678 ]
[5  10  7] :	[ 37 39 132 ]
[6  10  7] :	[ 379 239 538 ]
[7  10  7] :	[ 512 784 602 ]
[8  10  7] :	[ 632 641 200 ]
[9  10  7] :	[ 338 925 485 ]
[10  10  7] :	[ 718 560 845 ]
[1  1  8] :	[ 534 215 565 ]
[2  1  8] :	[ 156 224 52 ]
[3  1  8] :	[ 73 221 448 ]
[4  1  8] :	[ 463 666 785 ]
[5  1  8] :	[ 530 710 317 ]
[6  1  8] :	[ 272 475 697 ]
[7  1  8] :	[ 267 878 950 ]
[8  1  8] :	[ 873 740 5 ]
[9  1  8] :	[ 425 972 929 ]
[10  1  8] :	[ 896 110 290 ]
[1  2  8] :	[ 436 732 882 ]
[2  2  8] :	[ 11 904 762 ]
[3  2  8] :	[ 168 309 864 ]
[4  2  8] :	[ 525 807 797 ]
[5  2  8] :	[ 933 618 341 ]
[6  2  8] :	[ 210 379 959 ]
[7  2  8] :	[ 749 88 694 ]
[8  2  8] :	[ 22 621 626 ]
[9  2  8] :	[ 307 13 935 ]
[10  2  8] :	[ 777 738 587 ]
[1  3  8] :	[ 115 156 525 ]
[2  3  8] :	[ 262 778 315 ]
[3  3  8] :	[ 27 327 672 ]
[4  3  8] :	[ 444 777 745 ]
[5  3  8] :	[ 589 618 396 ]
[6  3  8] :	[ 191 690 338 ]
[7  3  8] :	[ 200 125 530 ]
[8  3  8] :	[ 155 564 570 ]
[9  3  8] :	[ 281 901 766 ]
[10  3  8] :	[ 22 81 161 ]
[1  4  8] :	[ 519 755 183 ]
[2  4  8] :	[ 372 645 663 ]
[3  4  8] :	[ 579 171 391 ]
[4  4  8] :	[ 608 110 373 ]
[5  4  8] :	[ 672 215 591 ]
[6  4  8] :	[ 297 152 961 ]
[7  4  8] :	[ 416 945 427 ]
[8  4  8] :	[ 419 169 970 ]
[9  4  8] :	[ 743 475 261 ]
[10  4  8] :	[ 214 622 438 ]
[1  5  8] :	[ 269 55 474 ]
[2  5  8] :	[ 984 666 764 ]
[3  5  8] :	[ 790 7 872 ]
[4  5  8] :	[ 554 796 566 ]
[5  5  8] :	[ 141 34 481 ]
[6  5  8] :	[ 298 583 338 ]
[7  5  8] :	[ 800 849 773 ]
[8  5  8] :	[ 292 450 109 ]
[9  5  8] :	[ 757 576 22 ]
[10  5  8] :	[ 301 955 21 ]
[1  6  8] :	[ 553 255 423 ]
[2  6  8] :	[ 833 420 517 ]
[3  6  8] :	[ 144 768 326 ]
[4  6  8] :	[ 313 556 10 ]
[5  6  8] :	[ 613 750 331 ]
[6  6  8] :	[ 786 473 68 ]
[7  6  8] :	[ 462 567 730 ]
[8  6  8] :	[ 190 118 16 ]
[9  6  8] :	[ 721 309 337 ]
[10  6  8] :	[ 734 469 744 ]
[1  7  8] :	[ 567 252 793 ]
[2  7  8] :	[ 852 262 633 ]
[3  7  8] :	[ 204 335 229 ]
[4  7  8] :	[ 530 436 915 ]
[5  7  8] :	[ 181 519 257 ]
[6  7  8] :	[ 945 17 73 ]
[7  7  8] :	[ 758 222 647 ]
[8  7  8] :	[ 571 662 940 ]
[9  7  8] :	[ 832 354 329 ]
[10  7  8] :	[ 471 364 928 ]
[1  8  8] :	[ 31 400 98 ]
[2  8  8] :	[ 91 771 41 ]
[3  8  8] :	[ 819 913 368 ]
[4  8  8] :	[ 483 621 244 ]
[5  8  8] :	[ 816 66 537 ]
[6  8  8] :	[ 630 921 60 ]
[7  8  8] :	[ 429 328 52 ]
[8  8  8] :	[ 260 733 385 ]
[9  8  8] :	[ 437 130 511 ]
[10  8  8] :	[ 610 815 118 ]
[1  9  8] :	[ 418 615 390 ]
[2  9  8] :	[ 776 597 10 ]
[3  9  8] :	[ 988 364 223 ]
[4  9  8] :	[ 270 62 653 ]
[5  9  8] :	[ 414 754 625 ]
[6  9  8] :	[ 801 485 832 ]
[7  9  8] :	[ 550 269 56 ]
[8  9  8] :	[ 131 677 906 ]
[9  9  8] :	[ 386 432 57 ]
[10  9  8] :	[ 569 387 878 ]
[1  10  8] :	[ 253 825 167 ]
[2  10  8] :	[ 725 60 563 ]
[3  10  8] :	[ 647 48 157 ]
[4  10  8] :	[ 644 716 499 ]
[5  10  8] :	[ 212 10 653 ]
[6  10  8] :	[ 395 677 51 ]
[7  10  8] :	[ 51 184 68 ]
[8  10  8] :	[ 406 262 615 ]
[9  10  8] :	[ 830 779 495 ]
[10  10  8] :	[ 709 974 799 ]
[1  1  9] :	[ 16 7 559 ]
[2  1  9] :	[ 464 577 411 ]
[3  1  9] :	[ 743 149 114 ]
[4  1  9] :	[ 349 582 779 ]
[5  1  9] :	[ 933 912 934 ]
[6  1  9] :	[ 272 136 86 ]
[7  1  9] :	[ 888 994 756 ]
[8  1  9] :	[ 186 856 605 ]
[9  1  9] :	[ 160 128 84 ]
[10  1  9] :	[ 318 571 232 ]
[1  2  9] :	[ 634 298 203 ]
[2  2  9] :	[ 824 73 678 ]
[3  2  9] :	[ 374 53 934 ]
[4  2  9] :	[ 384 135 937 ]
[5  2  9] :	[ 793 793 424 ]
[6  2  9] :	[ 895 197 42 ]
[7  2  9] :	[ 473 680 974 ]
[8  2  9] :	[ 676 211 909 ]
[9  2  9] :	[ 482 191 725 ]
[10  2  9] :	[ 133 147 955 ]
[1  3  9] :	[ 395 713 262 ]
[2  3  9] :	[ 935 190 604 ]
[3  3  9] :	[ 376 627 758 ]
[4  3  9] :	[ 508 768 602 ]
[5  3  9] :	[ 365 755 434 ]
[6  3  9] :	[ 130 428 726 ]
[7  3  9] :	[ 742 382 390 ]
[8  3  9] :	[ 554 398 863 ]
[9  3  9] :	[ 944 371 675 ]
[10  3  9] :	[ 819 165 370 ]
[1  4  9] :	[ 877 536 921 ]
[2  4  9] :	[ 510 901 674 ]
[3  4  9] :	[ 77 788 359 ]
[4  4  9] :	[ 964 362 609 ]
[5  4  9] :	[ 125 883 469 ]
[6  4  9] :	[ 943 390 206 ]
[7  4  9] :	[ 897 638 242 ]
[8  4  9] :	[ 645 285 454 ]
[9  4  9] :	[ 563 159 497 ]
[10  4  9] :	[ 158 555 873 ]
[1  5  9] :	[ 538 262 536 ]
[2  5  9] :	[ 996 421 809 ]
[3  5  9] :	[ 711 528 511 ]
[4  5  9] :	[ 953 548 78 ]
[5  5  9] :	[ 466 917 982 ]
[6  5  9] :	[ 571 864 372 ]
[7  5  9] :	[ 174 205 775 ]
[8  5  9] :	[ 131 723 555 ]
[9  5  9] :	[ 36 594 261 ]
[10  5  9] :	[ 356 755 307 ]
[1  6  9] :	[ 110 101 618 ]
[2  6  9] :	[ 572 298 280 ]
[3  6  9] :	[ 887 66 500 ]
[4  6  9] :	[ 763 613 33 ]
[5  6  9] :	[ 676 574 460 ]
[6  6  9] :	[ 725 20 42 ]
[7  6  9] :	[ 715 424 563 ]
[8  6  9] :	[ 128 515 536 ]
[9  6  9] :	[ 225 535 51 ]
[10  6  9] :	[ 995 366 57 ]
[1  7  9] :	[ 537 427 921 ]
[2  7  9] :	[ 508 20 312 ]
[3  7  9] :	[ 11 517 680 ]
[4  7  9] :	[ 690 516 353 ]
[5  7  9] :	[ 158 786 499 ]
[6  7  9] :	[ 12 551 304 ]
[7  7  9] :	[ 469 715 174 ]
[8  7  9] :	[ 28 478 86 ]
[9  7  9] :	[ 858 828 715 ]
[10  7  9] :	[ 284 579 85 ]
[1  8  9] :	[ 786 524 432 ]
[2  8  9] :	[ 78 146 500 ]
[3  8  9] :	[ 559 897 203 ]
[4  8  9] :	[ 441 428 989 ]
[5  8  9] :	[ 490 681 7 ]
[6  8  9] :	[ 520 871 888 ]
[7  8  9] :	[ 731 405 215 ]
[8  8  9] :	[ 330 877 938 ]
[9  8  9] :	[ 120 856 860 ]
[10  8  9] :	[ 692 259 610 ]
[1  9  9] :	[ 266 539 655 ]
[2  9  9] :	[ 799 886 392 ]
[3  9  9] :	[ 737 273 875 ]
[4  9  9] :	[ 556 345 68 ]
[5  9  9] :	[ 179 351 925 ]
[6  9  9] :	[ 499 787 54 ]
[7  9  9] :	[ 68 877 985 ]
[8  9  9] :	[ 16 153 450 ]
[9  9  9] :	[ 685 270 353 ]
[10  9  9] :	[ 673 160 833 ]
[1  10  9] :	[ 432 507 954 ]
[2  10  9] :	[ 378 779 56 ]
[3  10  9] :	[ 540 958 930 ]
[4  10  9] :	[ 454 301 984 ]
[5  10  9] :	[ 352 615 795 ]
[6  10  9] :	[ 690 633 124 ]
[7  10  9] :	[ 825 943 351 ]
[8  10  9] :	[ 308 755 353 ]
[9  10  9] :	[ 786 241 679 ]
[10  10  9] :	[ 280 339 278 ]
[1  1  10] :	[ 506 542 981 ]
[2  1  10] :	[ 483 744 309 ]
[3  1  10] :	[ 334 218 812 ]
[4  1  10] :	[ 937 964 998 ]
[5  1  10] :	[ 975 256 352 ]
[6  1  10] :	[ 672 609 127 ]
[7  1  10] :	[ 529 900 323 ]
[8  1  10] :	[ 948 797 908 ]
[9  1  10] :	[ 647 119 84 ]
[10  1  10] :	[ 480 400 397 ]
[1  2  10] :	[ 418 219 536 ]
[2  2  10] :	[ 506 748 141 ]
[3  2  10] :	[ 300 325 812 ]
[4  2  10] :	[ 810 741 448 ]
[5  2  10] :	[ 60 322 215 ]
[6  2  10] :	[ 978 685 631 ]
[7  2  10] :	[ 315 933 668 ]
[8  2  10] :	[ 899 790 754 ]
[9  2  10] :	[ 364 783 403 ]
[10  2  10] :	[ 3 579 823 ]
[1  3  10] :	[ 346 507 249 ]
[2  3  10] :	[ 396 794 878 ]
[3  3  10] :	[ 826 9 400 ]
[4  3  10] :	[ 547 217 79 ]
[5  3  10] :	[ 70 186 650 ]
[6  3  10] :	[ 703 134 698 ]
[7  3  10] :	[ 170 351 126 ]
[8  3  10] :	[ 719 538 872 ]
[9  3  10] :	[ 728 941 213 ]
[10  3  10] :	[ 656 102 428 ]
[1  4  10] :	[ 721 327 712 ]
[2  4  10] :	[ 485 185 860 ]
[3  4  10] :	[ 8 585 981 ]
[4  4  10] :	[ 614 747 317 ]
[5  4  10] :	[ 512 344 582 ]
[6  4  10] :	[ 303 855 914 ]
[7  4  10] :	[ 509 563 606 ]
[8  4  10] :	[ 86 167 868 ]
[9  4  10] :	[ 597 457 557 ]
[10  4  10] :	[ 201 281 349 ]
[1  5  10] :	[ 627 555 482 ]
[2  5  10] :	[ 208 385 974 ]
[3  5  10] :	[ 913 861 613 ]
[4  5  10] :	[ 890 312 819 ]
[5  5  10] :	[ 25 547 314 ]
[6  5  10] :	[ 614 691 533 ]
[7  5  10] :	[ 211 122 896 ]
[8  5  10] :	[ 223 538 657 ]
[9  5  10] :	[ 130 231 66 ]
[10  5  10] :	[ 634 797 811 ]
[1  6  10] :	[ 103 522 380 ]
[2  6  10] :	[ 534 207 863 ]
[3  6  10] :	[ 187 424 338 ]
[4  6  10] :	[ 148 531 214 ]
[5  6  10] :	[ 170 396 197 ]
[6  6  10] :	[ 308 841 446 ]
[7  6  10] :	[ 273 565 645 ]
[8  6  10] :	[ 24 7 993 ]
[9  6  10] :	[ 262 874 167 ]
[10  6  10] :	[ 59 966 425 ]
[1  7  10] :	[ 498 352 879 ]
[2  7  10] :	[ 654 238 3 ]
[3  7  10] :	[ 716 140 366 ]
[4  7  10] :	[ 366 710 509 ]
[5  7  10] :	[ 186 188 319 ]
[6  7  10] :	[ 855 72 682 ]
[7  7  10] :	[ 109 53 758 ]
[8  7  10] :	[ 674 708 240 ]
[9  7  10] :	[ 315 257 82 ]
[10  7  10] :	[ 209 47 196 ]
[1  8  10] :	[ 411 849 924 ]
[2  8  10] :	[ 676 800 284 ]
[3  8  10] :	[ 766 840 656 ]
[4  8  10] :	[ 844 345 949 ]
[5  8  10] :	[ 17 578 787 ]
[6  8  10] :	[ 976 357 528 ]
[7  8  10] :	[ 102 849 375 ]
[8  8  10] :	[ 667 466 594 ]
[9  8  10] :	[ 48 957 933 ]
[10  8  10] :	[ 125 825 718 ]
[1  9  10] :	[ 548 515 144 ]
[2  9  10] :	[ 132 481 132 ]
[3  9  10] :	[ 618 490 683 ]
[4  9  10] :	[ 165 108 515 ]
[5  9  10] :	[ 706 723 612 ]
[6  9  10] :	[ 880 847 835 ]
[7  9  10] :	[ 374 894 439 ]
[8  9  10] :	[ 440 839 150 ]
[9  9  10] :	[ 192 641 138 ]
[10  9  10] :	[ 820 730 342 ]
[1  10  10] :	[ 593 216 112 ]
[2  10  10] :	[ 610 333 151 ]
[3  10  10] :	[ 897 27 466 ]
[4  10  10] :	[ 632 569 590 ]
[5  10  10] :	[ 432 437 442 ]
[6  10  10] :	[ 667 99 126 ]
[7  10  10] :	[ 959 928 872 ]
[8  10  10] :	[ 159 246 122 ]
[9  10  10] :	[ 586 851 42 ]
[10  10  10] :	[ 98 253 69 ]
