# Generated by GAMUT v1.0.1
# A Game With Uniformly Random Payoffs
# Game Parameter Values:
# Random seed:	1652188564585
# Cmd Line:	-g RandomGame -players 3 -actions 10 -normalize -min_payoff 0.01 -max_payoff 10 -int_payoffs -int_mult 100 -f RG_multi_3_10_5.txt
# Players:	3
# Actions:	10 10 10
# players:	3
# actions:	[10]
[1  1  1] :	[ 740 263 789 ]
[2  1  1] :	[ 442 189 984 ]
[3  1  1] :	[ 851 116 257 ]
[4  1  1] :	[ 731 89 509 ]
[5  1  1] :	[ 812 9 96 ]
[6  1  1] :	[ 526 254 595 ]
[7  1  1] :	[ 113 626 341 ]
[8  1  1] :	[ 645 314 876 ]
[9  1  1] :	[ 765 841 367 ]
[10  1  1] :	[ 923 988 319 ]
[1  2  1] :	[ 823 79 56 ]
[2  2  1] :	[ 235 59 844 ]
[3  2  1] :	[ 567 292 406 ]
[4  2  1] :	[ 318 534 464 ]
[5  2  1] :	[ 610 861 610 ]
[6  2  1] :	[ 431 955 286 ]
[7  2  1] :	[ 29 987 215 ]
[8  2  1] :	[ 642 674 742 ]
[9  2  1] :	[ 123 328 864 ]
[10  2  1] :	[ 21 158 891 ]
[1  3  1] :	[ 829 726 301 ]
[2  3  1] :	[ 361 337 329 ]
[3  3  1] :	[ 848 374 612 ]
[4  3  1] :	[ 837 509 683 ]
[5  3  1] :	[ 524 754 778 ]
[6  3  1] :	[ 846 966 622 ]
[7  3  1] :	[ 33 27 545 ]
[8  3  1] :	[ 647 858 888 ]
[9  3  1] :	[ 925 316 889 ]
[10  3  1] :	[ 476 680 652 ]
[1  4  1] :	[ 838 871 76 ]
[2  4  1] :	[ 961 444 107 ]
[3  4  1] :	[ 987 481 781 ]
[4  4  1] :	[ 553 60 342 ]
[5  4  1] :	[ 780 477 317 ]
[6  4  1] :	[ 648 773 42 ]
[7  4  1] :	[ 631 290 631 ]
[8  4  1] :	[ 303 864 297 ]
[9  4  1] :	[ 352 107 49 ]
[10  4  1] :	[ 161 975 966 ]
[1  5  1] :	[ 648 585 351 ]
[2  5  1] :	[ 81 817 531 ]
[3  5  1] :	[ 609 691 583 ]
[4  5  1] :	[ 274 107 847 ]
[5  5  1] :	[ 45 416 303 ]
[6  5  1] :	[ 516 7 457 ]
[7  5  1] :	[ 252 639 943 ]
[8  5  1] :	[ 558 344 423 ]
[9  5  1] :	[ 838 615 542 ]
[10  5  1] :	[ 647 229 597 ]
[1  6  1] :	[ 569 233 735 ]
[2  6  1] :	[ 405 430 671 ]
[3  6  1] :	[ 461 153 215 ]
[4  6  1] :	[ 135 922 873 ]
[5  6  1] :	[ 328 305 569 ]
[6  6  1] :	[ 143 162 959 ]
[7  6  1] :	[ 554 4 792 ]
[8  6  1] :	[ 389 103 869 ]
[9  6  1] :	[ 406 559 785 ]
[10  6  1] :	[ 800 62 726 ]
[1  7  1] :	[ 959 683 847 ]
[2  7  1] :	[ 921 924 299 ]
[3  7  1] :	[ 669 295 629 ]
[4  7  1] :	[ 281 715 848 ]
[5  7  1] :	[ 324 213 84 ]
[6  7  1] :	[ 441 204 923 ]
[7  7  1] :	[ 226 351 899 ]
[8  7  1] :	[ 123 586 803 ]
[9  7  1] :	[ 690 135 294 ]
[10  7  1] :	[ 100 416 381 ]
[1  8  1] :	[ 836 945 378 ]
[2  8  1] :	[ 682 380 550 ]
[3  8  1] :	[ 957 180 840 ]
[4  8  1] :	[ 937 302 887 ]
[5  8  1] :	[ 817 601 186 ]
[6  8  1] :	[ 431 276 381 ]
[7  8  1] :	[ 48 564 185 ]
[8  8  1] :	[ 919 331 401 ]
[9  8  1] :	[ 376 608 436 ]
[10  8  1] :	[ 145 570 261 ]
[1  9  1] :	[ 13 274 839 ]
[2  9  1] :	[ 47 849 782 ]
[3  9  1] :	[ 799 439 321 ]
[4  9  1] :	[ 63 460 986 ]
[5  9  1] :	[ 218 491 965 ]
[6  9  1] :	[ 766 779 550 ]
[7  9  1] :	[ 452 241 938 ]
[8  9  1] :	[ 621 837 114 ]
[9  9  1] :	[ 97 182 655 ]
[10  9  1] :	[ 440 244 215 ]
[1  10  1] :	[ 986 936 852 ]
[2  10  1] :	[ 93 98 934 ]
[3  10  1] :	[ 797 53 705 ]
[4  10  1] :	[ 870 491 679 ]
[5  10  1] :	[ 605 565 513 ]
[6  10  1] :	[ 433 55 788 ]
[7  10  1] :	[ 306 414 432 ]
[8  10  1] :	[ 774 907 988 ]
[9  10  1] :	[ 625 406 271 ]
[10  10  1] :	[ 808 105 796 ]
[1  1  2] :	[ 460 96 828 ]
[2  1  2] :	[ 808 884 709 ]
[3  1  2] :	[ 947 927 787 ]
[4  1  2] :	[ 672 827 511 ]
[5  1  2] :	[ 415 357 984 ]
[6  1  2] :	[ 98 621 407 ]
[7  1  2] :	[ 413 926 197 ]
[8  1  2] :	[ 875 191 248 ]
[9  1  2] :	[ 889 737 420 ]
[10  1  2] :	[ 328 862 119 ]
[1  2  2] :	[ 287 238 392 ]
[2  2  2] :	[ 119 516 704 ]
[3  2  2] :	[ 660 61 535 ]
[4  2  2] :	[ 281 862 383 ]
[5  2  2] :	[ 439 84 258 ]
[6  2  2] :	[ 136 251 144 ]
[7  2  2] :	[ 417 238 16 ]
[8  2  2] :	[ 227 667 225 ]
[9  2  2] :	[ 989 594 679 ]
[10  2  2] :	[ 214 562 769 ]
[1  3  2] :	[ 186 201 590 ]
[2  3  2] :	[ 839 80 608 ]
[3  3  2] :	[ 456 201 507 ]
[4  3  2] :	[ 216 576 945 ]
[5  3  2] :	[ 123 214 16 ]
[6  3  2] :	[ 281 387 145 ]
[7  3  2] :	[ 575 466 613 ]
[8  3  2] :	[ 908 971 760 ]
[9  3  2] :	[ 513 879 748 ]
[10  3  2] :	[ 784 141 372 ]
[1  4  2] :	[ 141 518 472 ]
[2  4  2] :	[ 379 417 886 ]
[3  4  2] :	[ 320 526 133 ]
[4  4  2] :	[ 482 956 674 ]
[5  4  2] :	[ 358 577 561 ]
[6  4  2] :	[ 445 148 937 ]
[7  4  2] :	[ 613 220 454 ]
[8  4  2] :	[ 361 406 838 ]
[9  4  2] :	[ 230 101 169 ]
[10  4  2] :	[ 315 684 475 ]
[1  5  2] :	[ 668 369 536 ]
[2  5  2] :	[ 60 733 470 ]
[3  5  2] :	[ 632 826 930 ]
[4  5  2] :	[ 381 462 444 ]
[5  5  2] :	[ 419 933 996 ]
[6  5  2] :	[ 805 145 820 ]
[7  5  2] :	[ 700 447 679 ]
[8  5  2] :	[ 779 789 230 ]
[9  5  2] :	[ 367 414 571 ]
[10  5  2] :	[ 59 6 253 ]
[1  6  2] :	[ 187 896 884 ]
[2  6  2] :	[ 405 202 618 ]
[3  6  2] :	[ 879 273 247 ]
[4  6  2] :	[ 472 276 381 ]
[5  6  2] :	[ 389 55 113 ]
[6  6  2] :	[ 296 938 740 ]
[7  6  2] :	[ 149 16 224 ]
[8  6  2] :	[ 435 999 944 ]
[9  6  2] :	[ 194 408 594 ]
[10  6  2] :	[ 764 818 658 ]
[1  7  2] :	[ 883 94 951 ]
[2  7  2] :	[ 982 610 812 ]
[3  7  2] :	[ 701 445 76 ]
[4  7  2] :	[ 324 372 449 ]
[5  7  2] :	[ 35 834 735 ]
[6  7  2] :	[ 957 241 931 ]
[7  7  2] :	[ 718 741 738 ]
[8  7  2] :	[ 358 619 672 ]
[9  7  2] :	[ 648 911 568 ]
[10  7  2] :	[ 235 103 791 ]
[1  8  2] :	[ 317 374 951 ]
[2  8  2] :	[ 600 353 766 ]
[3  8  2] :	[ 65 399 996 ]
[4  8  2] :	[ 374 368 885 ]
[5  8  2] :	[ 401 895 222 ]
[6  8  2] :	[ 804 300 327 ]
[7  8  2] :	[ 416 180 963 ]
[8  8  2] :	[ 423 801 785 ]
[9  8  2] :	[ 42 249 603 ]
[10  8  2] :	[ 573 911 385 ]
[1  9  2] :	[ 476 445 657 ]
[2  9  2] :	[ 610 705 833 ]
[3  9  2] :	[ 82 14 327 ]
[4  9  2] :	[ 38 982 606 ]
[5  9  2] :	[ 534 198 455 ]
[6  9  2] :	[ 413 460 13 ]
[7  9  2] :	[ 206 977 337 ]
[8  9  2] :	[ 120 645 926 ]
[9  9  2] :	[ 35 65 71 ]
[10  9  2] :	[ 989 227 392 ]
[1  10  2] :	[ 392 440 753 ]
[2  10  2] :	[ 258 644 431 ]
[3  10  2] :	[ 282 337 21 ]
[4  10  2] :	[ 114 44 510 ]
[5  10  2] :	[ 271 756 209 ]
[6  10  2] :	[ 977 79 269 ]
[7  10  2] :	[ 495 994 502 ]
[8  10  2] :	[ 719 719 370 ]
[9  10  2] :	[ 591 420 275 ]
[10  10  2] :	[ 260 113 122 ]
[1  1  3] :	[ 15 522 664 ]
[2  1  3] :	[ 712 582 116 ]
[3  1  3] :	[ 528 543 17 ]
[4  1  3] :	[ 572 378 214 ]
[5  1  3] :	[ 386 588 231 ]
[6  1  3] :	[ 150 242 160 ]
[7  1  3] :	[ 179 842 973 ]
[8  1  3] :	[ 496 4 965 ]
[9  1  3] :	[ 467 155 231 ]
[10  1  3] :	[ 876 78 445 ]
[1  2  3] :	[ 71 204 576 ]
[2  2  3] :	[ 182 434 324 ]
[3  2  3] :	[ 611 292 473 ]
[4  2  3] :	[ 529 242 603 ]
[5  2  3] :	[ 59 608 256 ]
[6  2  3] :	[ 389 274 361 ]
[7  2  3] :	[ 316 899 217 ]
[8  2  3] :	[ 328 457 136 ]
[9  2  3] :	[ 404 585 103 ]
[10  2  3] :	[ 610 610 73 ]
[1  3  3] :	[ 559 671 246 ]
[2  3  3] :	[ 279 881 273 ]
[3  3  3] :	[ 282 529 135 ]
[4  3  3] :	[ 724 281 324 ]
[5  3  3] :	[ 338 28 308 ]
[6  3  3] :	[ 374 750 953 ]
[7  3  3] :	[ 386 14 808 ]
[8  3  3] :	[ 815 654 684 ]
[9  3  3] :	[ 697 301 610 ]
[10  3  3] :	[ 15 444 344 ]
[1  4  3] :	[ 638 860 471 ]
[2  4  3] :	[ 181 507 307 ]
[3  4  3] :	[ 742 257 722 ]
[4  4  3] :	[ 292 992 539 ]
[5  4  3] :	[ 366 952 41 ]
[6  4  3] :	[ 168 579 264 ]
[7  4  3] :	[ 861 93 919 ]
[8  4  3] :	[ 819 904 490 ]
[9  4  3] :	[ 641 835 155 ]
[10  4  3] :	[ 306 350 610 ]
[1  5  3] :	[ 529 247 595 ]
[2  5  3] :	[ 675 537 879 ]
[3  5  3] :	[ 698 826 560 ]
[4  5  3] :	[ 274 527 107 ]
[5  5  3] :	[ 706 836 981 ]
[6  5  3] :	[ 504 985 497 ]
[7  5  3] :	[ 668 839 440 ]
[8  5  3] :	[ 480 623 872 ]
[9  5  3] :	[ 966 215 961 ]
[10  5  3] :	[ 118 768 790 ]
[1  6  3] :	[ 16 257 792 ]
[2  6  3] :	[ 551 889 300 ]
[3  6  3] :	[ 38 40 298 ]
[4  6  3] :	[ 876 311 515 ]
[5  6  3] :	[ 289 81 887 ]
[6  6  3] :	[ 712 686 372 ]
[7  6  3] :	[ 513 332 95 ]
[8  6  3] :	[ 859 402 988 ]
[9  6  3] :	[ 936 198 143 ]
[10  6  3] :	[ 987 223 986 ]
[1  7  3] :	[ 977 377 767 ]
[2  7  3] :	[ 221 496 140 ]
[3  7  3] :	[ 59 881 639 ]
[4  7  3] :	[ 281 335 163 ]
[5  7  3] :	[ 784 846 244 ]
[6  7  3] :	[ 252 871 541 ]
[7  7  3] :	[ 75 728 724 ]
[8  7  3] :	[ 763 731 919 ]
[9  7  3] :	[ 187 280 516 ]
[10  7  3] :	[ 542 236 759 ]
[1  8  3] :	[ 304 959 990 ]
[2  8  3] :	[ 576 877 264 ]
[3  8  3] :	[ 401 106 29 ]
[4  8  3] :	[ 184 479 776 ]
[5  8  3] :	[ 545 483 72 ]
[6  8  3] :	[ 679 333 168 ]
[7  8  3] :	[ 620 504 748 ]
[8  8  3] :	[ 256 775 839 ]
[9  8  3] :	[ 680 335 464 ]
[10  8  3] :	[ 655 29 415 ]
[1  9  3] :	[ 814 933 40 ]
[2  9  3] :	[ 819 308 931 ]
[3  9  3] :	[ 331 991 698 ]
[4  9  3] :	[ 565 614 111 ]
[5  9  3] :	[ 498 718 785 ]
[6  9  3] :	[ 387 308 93 ]
[7  9  3] :	[ 522 712 866 ]
[8  9  3] :	[ 363 539 137 ]
[9  9  3] :	[ 433 5 407 ]
[10  9  3] :	[ 287 92 133 ]
[1  10  3] :	[ 189 388 576 ]
[2  10  3] :	[ 108 169 67 ]
[3  10  3] :	[ 493 430 674 ]
[4  10  3] :	[ 462 183 708 ]
[5  10  3] :	[ 276 466 25 ]
[6  10  3] :	[ 41 694 102 ]
[7  10  3] :	[ 662 207 371 ]
[8  10  3] :	[ 174 505 493 ]
[9  10  3] :	[ 981 273 877 ]
[10  10  3] :	[ 780 121 202 ]
[1  1  4] :	[ 326 800 35 ]
[2  1  4] :	[ 637 967 78 ]
[3  1  4] :	[ 525 616 187 ]
[4  1  4] :	[ 155 114 47 ]
[5  1  4] :	[ 680 121 126 ]
[6  1  4] :	[ 959 608 379 ]
[7  1  4] :	[ 599 699 572 ]
[8  1  4] :	[ 804 847 581 ]
[9  1  4] :	[ 245 159 40 ]
[10  1  4] :	[ 778 750 700 ]
[1  2  4] :	[ 401 393 277 ]
[2  2  4] :	[ 394 476 733 ]
[3  2  4] :	[ 42 81 478 ]
[4  2  4] :	[ 749 386 187 ]
[5  2  4] :	[ 864 531 726 ]
[6  2  4] :	[ 334 181 477 ]
[7  2  4] :	[ 98 288 685 ]
[8  2  4] :	[ 512 235 199 ]
[9  2  4] :	[ 397 270 500 ]
[10  2  4] :	[ 46 80 700 ]
[1  3  4] :	[ 462 497 77 ]
[2  3  4] :	[ 948 620 154 ]
[3  3  4] :	[ 75 690 579 ]
[4  3  4] :	[ 292 629 313 ]
[5  3  4] :	[ 960 757 746 ]
[6  3  4] :	[ 473 492 639 ]
[7  3  4] :	[ 870 593 980 ]
[8  3  4] :	[ 708 400 808 ]
[9  3  4] :	[ 351 363 260 ]
[10  3  4] :	[ 711 536 33 ]
[1  4  4] :	[ 91 9 738 ]
[2  4  4] :	[ 534 364 866 ]
[3  4  4] :	[ 549 901 79 ]
[4  4  4] :	[ 259 443 572 ]
[5  4  4] :	[ 749 172 420 ]
[6  4  4] :	[ 652 39 813 ]
[7  4  4] :	[ 958 143 785 ]
[8  4  4] :	[ 330 960 679 ]
[9  4  4] :	[ 117 706 107 ]
[10  4  4] :	[ 297 39 585 ]
[1  5  4] :	[ 866 226 163 ]
[2  5  4] :	[ 826 424 493 ]
[3  5  4] :	[ 234 445 988 ]
[4  5  4] :	[ 386 714 467 ]
[5  5  4] :	[ 203 465 974 ]
[6  5  4] :	[ 905 941 866 ]
[7  5  4] :	[ 572 722 347 ]
[8  5  4] :	[ 83 689 171 ]
[9  5  4] :	[ 796 310 46 ]
[10  5  4] :	[ 343 419 651 ]
[1  6  4] :	[ 514 111 895 ]
[2  6  4] :	[ 235 207 905 ]
[3  6  4] :	[ 535 305 54 ]
[4  6  4] :	[ 920 48 878 ]
[5  6  4] :	[ 717 417 994 ]
[6  6  4] :	[ 447 247 760 ]
[7  6  4] :	[ 635 505 80 ]
[8  6  4] :	[ 719 794 383 ]
[9  6  4] :	[ 770 326 380 ]
[10  6  4] :	[ 990 395 297 ]
[1  7  4] :	[ 420 599 712 ]
[2  7  4] :	[ 614 819 701 ]
[3  7  4] :	[ 929 363 560 ]
[4  7  4] :	[ 337 461 353 ]
[5  7  4] :	[ 735 5 119 ]
[6  7  4] :	[ 328 633 418 ]
[7  7  4] :	[ 10 850 65 ]
[8  7  4] :	[ 941 801 17 ]
[9  7  4] :	[ 278 462 146 ]
[10  7  4] :	[ 239 70 859 ]
[1  8  4] :	[ 781 252 199 ]
[2  8  4] :	[ 957 225 358 ]
[3  8  4] :	[ 766 75 59 ]
[4  8  4] :	[ 664 12 828 ]
[5  8  4] :	[ 492 764 909 ]
[6  8  4] :	[ 845 288 831 ]
[7  8  4] :	[ 980 455 145 ]
[8  8  4] :	[ 608 24 212 ]
[9  8  4] :	[ 320 136 797 ]
[10  8  4] :	[ 298 620 357 ]
[1  9  4] :	[ 277 519 892 ]
[2  9  4] :	[ 922 793 560 ]
[3  9  4] :	[ 777 617 193 ]
[4  9  4] :	[ 646 814 848 ]
[5  9  4] :	[ 229 570 965 ]
[6  9  4] :	[ 528 488 267 ]
[7  9  4] :	[ 209 513 556 ]
[8  9  4] :	[ 806 170 481 ]
[9  9  4] :	[ 545 677 671 ]
[10  9  4] :	[ 757 793 732 ]
[1  10  4] :	[ 684 139 297 ]
[2  10  4] :	[ 3 397 215 ]
[3  10  4] :	[ 422 879 37 ]
[4  10  4] :	[ 2 534 822 ]
[5  10  4] :	[ 633 14 429 ]
[6  10  4] :	[ 845 113 4 ]
[7  10  4] :	[ 914 521 24 ]
[8  10  4] :	[ 709 404 136 ]
[9  10  4] :	[ 677 886 184 ]
[10  10  4] :	[ 923 689 830 ]
[1  1  5] :	[ 834 33 776 ]
[2  1  5] :	[ 320 389 989 ]
[3  1  5] :	[ 106 653 982 ]
[4  1  5] :	[ 900 695 34 ]
[5  1  5] :	[ 90 653 144 ]
[6  1  5] :	[ 51 8 609 ]
[7  1  5] :	[ 453 429 852 ]
[8  1  5] :	[ 82 817 546 ]
[9  1  5] :	[ 207 26 29 ]
[10  1  5] :	[ 406 529 911 ]
[1  2  5] :	[ 602 929 533 ]
[2  2  5] :	[ 704 782 420 ]
[3  2  5] :	[ 116 268 384 ]
[4  2  5] :	[ 44 783 236 ]
[5  2  5] :	[ 771 972 182 ]
[6  2  5] :	[ 615 387 618 ]
[7  2  5] :	[ 94 928 928 ]
[8  2  5] :	[ 52 153 734 ]
[9  2  5] :	[ 649 241 648 ]
[10  2  5] :	[ 720 297 244 ]
[1  3  5] :	[ 977 387 882 ]
[2  3  5] :	[ 858 732 543 ]
[3  3  5] :	[ 793 514 921 ]
[4  3  5] :	[ 457 811 398 ]
[5  3  5] :	[ 536 511 188 ]
[6  3  5] :	[ 887 539 634 ]
[7  3  5] :	[ 294 380 347 ]
[8  3  5] :	[ 659 280 522 ]
[9  3  5] :	[ 63 919 844 ]
[10  3  5] :	[ 639 28 123 ]
[1  4  5] :	[ 458 918 754 ]
[2  4  5] :	[ 528 348 509 ]
[3  4  5] :	[ 925 950 109 ]
[4  4  5] :	[ 238 964 968 ]
[5  4  5] :	[ 91 95 596 ]
[6  4  5] :	[ 970 585 984 ]
[7  4  5] :	[ 948 368 405 ]
[8  4  5] :	[ 483 14 388 ]
[9  4  5] :	[ 681 529 677 ]
[10  4  5] :	[ 323 529 12 ]
[1  5  5] :	[ 128 43 833 ]
[2  5  5] :	[ 218 182 851 ]
[3  5  5] :	[ 507 967 934 ]
[4  5  5] :	[ 493 494 54 ]
[5  5  5] :	[ 204 222 217 ]
[6  5  5] :	[ 308 449 361 ]
[7  5  5] :	[ 388 184 151 ]
[8  5  5] :	[ 730 847 290 ]
[9  5  5] :	[ 227 613 612 ]
[10  5  5] :	[ 687 650 716 ]
[1  6  5] :	[ 415 100 323 ]
[2  6  5] :	[ 695 782 400 ]
[3  6  5] :	[ 205 366 160 ]
[4  6  5] :	[ 869 840 710 ]
[5  6  5] :	[ 681 765 731 ]
[6  6  5] :	[ 112 879 669 ]
[7  6  5] :	[ 451 53 126 ]
[8  6  5] :	[ 943 983 674 ]
[9  6  5] :	[ 553 361 556 ]
[10  6  5] :	[ 179 997 676 ]
[1  7  5] :	[ 154 47 836 ]
[2  7  5] :	[ 406 949 443 ]
[3  7  5] :	[ 644 639 154 ]
[4  7  5] :	[ 973 245 6 ]
[5  7  5] :	[ 155 173 127 ]
[6  7  5] :	[ 273 351 724 ]
[7  7  5] :	[ 128 189 821 ]
[8  7  5] :	[ 405 999 331 ]
[9  7  5] :	[ 777 216 743 ]
[10  7  5] :	[ 686 814 962 ]
[1  8  5] :	[ 578 626 86 ]
[2  8  5] :	[ 780 36 740 ]
[3  8  5] :	[ 914 801 932 ]
[4  8  5] :	[ 730 771 125 ]
[5  8  5] :	[ 939 185 251 ]
[6  8  5] :	[ 797 19 597 ]
[7  8  5] :	[ 417 302 282 ]
[8  8  5] :	[ 424 873 394 ]
[9  8  5] :	[ 694 354 3 ]
[10  8  5] :	[ 717 638 163 ]
[1  9  5] :	[ 102 805 549 ]
[2  9  5] :	[ 757 527 490 ]
[3  9  5] :	[ 700 13 565 ]
[4  9  5] :	[ 676 776 37 ]
[5  9  5] :	[ 479 723 5 ]
[6  9  5] :	[ 330 38 397 ]
[7  9  5] :	[ 524 129 914 ]
[8  9  5] :	[ 460 93 900 ]
[9  9  5] :	[ 512 483 452 ]
[10  9  5] :	[ 532 164 407 ]
[1  10  5] :	[ 442 332 118 ]
[2  10  5] :	[ 700 430 266 ]
[3  10  5] :	[ 448 698 749 ]
[4  10  5] :	[ 279 799 868 ]
[5  10  5] :	[ 609 691 900 ]
[6  10  5] :	[ 273 391 842 ]
[7  10  5] :	[ 887 503 302 ]
[8  10  5] :	[ 156 789 652 ]
[9  10  5] :	[ 155 775 972 ]
[10  10  5] :	[ 746 389 724 ]
[1  1  6] :	[ 946 170 561 ]
[2  1  6] :	[ 357 704 227 ]
[3  1  6] :	[ 205 466 670 ]
[4  1  6] :	[ 968 366 33 ]
[5  1  6] :	[ 430 814 119 ]
[6  1  6] :	[ 46 629 290 ]
[7  1  6] :	[ 80 204 811 ]
[8  1  6] :	[ 413 254 612 ]
[9  1  6] :	[ 538 883 566 ]
[10  1  6] :	[ 764 801 236 ]
[1  2  6] :	[ 59 202 609 ]
[2  2  6] :	[ 565 77 255 ]
[3  2  6] :	[ 648 232 695 ]
[4  2  6] :	[ 169 70 243 ]
[5  2  6] :	[ 291 751 804 ]
[6  2  6] :	[ 592 433 374 ]
[7  2  6] :	[ 254 949 186 ]
[8  2  6] :	[ 840 890 508 ]
[9  2  6] :	[ 529 101 36 ]
[10  2  6] :	[ 682 839 305 ]
[1  3  6] :	[ 106 611 274 ]
[2  3  6] :	[ 974 634 108 ]
[3  3  6] :	[ 475 380 739 ]
[4  3  6] :	[ 768 191 332 ]
[5  3  6] :	[ 42 436 350 ]
[6  3  6] :	[ 686 660 158 ]
[7  3  6] :	[ 564 815 623 ]
[8  3  6] :	[ 991 305 216 ]
[9  3  6] :	[ 945 807 779 ]
[10  3  6] :	[ 150 621 310 ]
[1  4  6] :	[ 62 976 37 ]
[2  4  6] :	[ 4 172 366 ]
[3  4  6] :	[ 618 803 611 ]
[4  4  6] :	[ 152 66 276 ]
[5  4  6] :	[ 334 936 202 ]
[6  4  6] :	[ 276 246 911 ]
[7  4  6] :	[ 245 852 102 ]
[8  4  6] :	[ 584 369 873 ]
[9  4  6] :	[ 112 202 470 ]
[10  4  6] :	[ 782 667 730 ]
[1  5  6] :	[ 427 232 312 ]
[2  5  6] :	[ 169 532 146 ]
[3  5  6] :	[ 530 839 421 ]
[4  5  6] :	[ 913 941 42 ]
[5  5  6] :	[ 571 20 244 ]
[6  5  6] :	[ 129 347 392 ]
[7  5  6] :	[ 595 614 682 ]
[8  5  6] :	[ 139 156 410 ]
[9  5  6] :	[ 677 175 211 ]
[10  5  6] :	[ 675 805 412 ]
[1  6  6] :	[ 615 14 967 ]
[2  6  6] :	[ 830 313 4 ]
[3  6  6] :	[ 300 737 338 ]
[4  6  6] :	[ 71 560 996 ]
[5  6  6] :	[ 992 798 848 ]
[6  6  6] :	[ 774 899 612 ]
[7  6  6] :	[ 664 659 207 ]
[8  6  6] :	[ 642 580 610 ]
[9  6  6] :	[ 547 248 307 ]
[10  6  6] :	[ 249 232 378 ]
[1  7  6] :	[ 565 496 815 ]
[2  7  6] :	[ 390 965 367 ]
[3  7  6] :	[ 348 501 66 ]
[4  7  6] :	[ 70 610 277 ]
[5  7  6] :	[ 856 178 86 ]
[6  7  6] :	[ 932 200 751 ]
[7  7  6] :	[ 767 278 187 ]
[8  7  6] :	[ 785 629 292 ]
[9  7  6] :	[ 899 227 253 ]
[10  7  6] :	[ 221 864 129 ]
[1  8  6] :	[ 183 23 312 ]
[2  8  6] :	[ 212 481 726 ]
[3  8  6] :	[ 442 208 422 ]
[4  8  6] :	[ 997 55 901 ]
[5  8  6] :	[ 455 789 326 ]
[6  8  6] :	[ 683 313 449 ]
[7  8  6] :	[ 936 795 686 ]
[8  8  6] :	[ 97 505 155 ]
[9  8  6] :	[ 925 359 67 ]
[10  8  6] :	[ 820 94 823 ]
[1  9  6] :	[ 317 675 43 ]
[2  9  6] :	[ 652 491 924 ]
[3  9  6] :	[ 355 880 45 ]
[4  9  6] :	[ 280 671 819 ]
[5  9  6] :	[ 736 571 394 ]
[6  9  6] :	[ 876 334 613 ]
[7  9  6] :	[ 756 827 925 ]
[8  9  6] :	[ 809 990 255 ]
[9  9  6] :	[ 720 920 719 ]
[10  9  6] :	[ 428 339 836 ]
[1  10  6] :	[ 682 369 770 ]
[2  10  6] :	[ 986 616 240 ]
[3  10  6] :	[ 596 247 461 ]
[4  10  6] :	[ 465 633 793 ]
[5  10  6] :	[ 23 197 809 ]
[6  10  6] :	[ 381 928 825 ]
[7  10  6] :	[ 982 974 963 ]
[8  10  6] :	[ 251 396 444 ]
[9  10  6] :	[ 894 544 655 ]
[10  10  6] :	[ 339 473 418 ]
[1  1  7] :	[ 419 333 610 ]
[2  1  7] :	[ 696 486 46 ]
[3  1  7] :	[ 627 551 605 ]
[4  1  7] :	[ 351 111 860 ]
[5  1  7] :	[ 109 202 111 ]
[6  1  7] :	[ 436 443 211 ]
[7  1  7] :	[ 353 260 757 ]
[8  1  7] :	[ 955 673 94 ]
[9  1  7] :	[ 993 30 120 ]
[10  1  7] :	[ 997 315 367 ]
[1  2  7] :	[ 29 377 315 ]
[2  2  7] :	[ 232 894 112 ]
[3  2  7] :	[ 151 630 70 ]
[4  2  7] :	[ 247 653 525 ]
[5  2  7] :	[ 158 472 503 ]
[6  2  7] :	[ 425 434 336 ]
[7  2  7] :	[ 767 392 829 ]
[8  2  7] :	[ 723 428 457 ]
[9  2  7] :	[ 787 645 74 ]
[10  2  7] :	[ 765 781 776 ]
[1  3  7] :	[ 588 499 395 ]
[2  3  7] :	[ 522 462 807 ]
[3  3  7] :	[ 668 596 400 ]
[4  3  7] :	[ 460 810 245 ]
[5  3  7] :	[ 957 981 505 ]
[6  3  7] :	[ 254 305 306 ]
[7  3  7] :	[ 765 858 611 ]
[8  3  7] :	[ 831 696 494 ]
[9  3  7] :	[ 187 871 593 ]
[10  3  7] :	[ 97 263 144 ]
[1  4  7] :	[ 504 311 210 ]
[2  4  7] :	[ 862 776 539 ]
[3  4  7] :	[ 80 438 124 ]
[4  4  7] :	[ 251 585 603 ]
[5  4  7] :	[ 428 319 1000 ]
[6  4  7] :	[ 921 852 458 ]
[7  4  7] :	[ 47 336 815 ]
[8  4  7] :	[ 47 489 380 ]
[9  4  7] :	[ 46 671 51 ]
[10  4  7] :	[ 106 241 773 ]
[1  5  7] :	[ 253 650 818 ]
[2  5  7] :	[ 684 970 549 ]
[3  5  7] :	[ 868 123 791 ]
[4  5  7] :	[ 606 702 1000 ]
[5  5  7] :	[ 797 129 320 ]
[6  5  7] :	[ 960 948 840 ]
[7  5  7] :	[ 711 659 138 ]
[8  5  7] :	[ 614 146 197 ]
[9  5  7] :	[ 847 460 532 ]
[10  5  7] :	[ 491 502 866 ]
[1  6  7] :	[ 463 609 857 ]
[2  6  7] :	[ 682 779 273 ]
[3  6  7] :	[ 167 219 385 ]
[4  6  7] :	[ 773 484 140 ]
[5  6  7] :	[ 539 538 134 ]
[6  6  7] :	[ 10 50 483 ]
[7  6  7] :	[ 335 89 653 ]
[8  6  7] :	[ 8 946 64 ]
[9  6  7] :	[ 325 272 545 ]
[10  6  7] :	[ 933 445 908 ]
[1  7  7] :	[ 386 183 549 ]
[2  7  7] :	[ 886 308 745 ]
[3  7  7] :	[ 850 635 321 ]
[4  7  7] :	[ 930 855 835 ]
[5  7  7] :	[ 425 714 157 ]
[6  7  7] :	[ 535 224 278 ]
[7  7  7] :	[ 940 381 985 ]
[8  7  7] :	[ 684 816 752 ]
[9  7  7] :	[ 132 903 344 ]
[10  7  7] :	[ 575 598 221 ]
[1  8  7] :	[ 24 417 55 ]
[2  8  7] :	[ 188 571 211 ]
[3  8  7] :	[ 816 880 32 ]
[4  8  7] :	[ 644 128 234 ]
[5  8  7] :	[ 646 797 628 ]
[6  8  7] :	[ 594 404 80 ]
[7  8  7] :	[ 996 426 930 ]
[8  8  7] :	[ 931 190 364 ]
[9  8  7] :	[ 660 990 230 ]
[10  8  7] :	[ 353 275 666 ]
[1  9  7] :	[ 170 684 26 ]
[2  9  7] :	[ 130 767 147 ]
[3  9  7] :	[ 857 747 364 ]
[4  9  7] :	[ 353 245 881 ]
[5  9  7] :	[ 669 517 262 ]
[6  9  7] :	[ 834 463 635 ]
[7  9  7] :	[ 652 388 696 ]
[8  9  7] :	[ 59 667 56 ]
[9  9  7] :	[ 137 905 970 ]
[10  9  7] :	[ 692 483 612 ]
[1  10  7] :	[ 184 530 806 ]
[2  10  7] :	[ 235 545 101 ]
[3  10  7] :	[ 329 733 711 ]
[4  10  7] :	[ 700 761 587 ]
[5  10  7] :	[ 956 269 871 ]
[6  10  7] :	[ 590 871 599 ]
[7  10  7] :	[ 524 531 233 ]
[8  10  7] :	[ 744 163 803 ]
[9  10  7] :	[ 857 423 586 ]
[10  10  7] :	[ 672 115 958 ]
[1  1  8] :	[ 925 63 289 ]
[2  1  8] :	[ 1 925 219 ]
[3  1  8] :	[ 76 899 989 ]
[4  1  8] :	[ 560 393 41 ]
[5  1  8] :	[ 948 346 59 ]
[6  1  8] :	[ 962 209 528 ]
[7  1  8] :	[ 96 269 742 ]
[8  1  8] :	[ 305 135 710 ]
[9  1  8] :	[ 346 451 865 ]
[10  1  8] :	[ 808 794 438 ]
[1  2  8] :	[ 548 531 714 ]
[2  2  8] :	[ 746 375 424 ]
[3  2  8] :	[ 562 529 836 ]
[4  2  8] :	[ 436 590 956 ]
[5  2  8] :	[ 334 498 544 ]
[6  2  8] :	[ 171 4 484 ]
[7  2  8] :	[ 669 764 48 ]
[8  2  8] :	[ 840 749 65 ]
[9  2  8] :	[ 944 569 78 ]
[10  2  8] :	[ 374 562 694 ]
[1  3  8] :	[ 694 434 563 ]
[2  3  8] :	[ 562 717 73 ]
[3  3  8] :	[ 455 577 350 ]
[4  3  8] :	[ 983 329 43 ]
[5  3  8] :	[ 959 995 619 ]
[6  3  8] :	[ 779 652 65 ]
[7  3  8] :	[ 182 115 955 ]
[8  3  8] :	[ 426 617 666 ]
[9  3  8] :	[ 492 993 36 ]
[10  3  8] :	[ 27 89 169 ]
[1  4  8] :	[ 425 136 320 ]
[2  4  8] :	[ 666 301 618 ]
[3  4  8] :	[ 338 788 675 ]
[4  4  8] :	[ 844 766 942 ]
[5  4  8] :	[ 162 791 551 ]
[6  4  8] :	[ 773 704 58 ]
[7  4  8] :	[ 908 426 549 ]
[8  4  8] :	[ 527 944 933 ]
[9  4  8] :	[ 1 260 100 ]
[10  4  8] :	[ 598 20 165 ]
[1  5  8] :	[ 288 564 882 ]
[2  5  8] :	[ 860 487 471 ]
[3  5  8] :	[ 4 951 605 ]
[4  5  8] :	[ 190 484 626 ]
[5  5  8] :	[ 618 186 117 ]
[6  5  8] :	[ 70 353 937 ]
[7  5  8] :	[ 392 704 784 ]
[8  5  8] :	[ 231 506 676 ]
[9  5  8] :	[ 398 830 499 ]
[10  5  8] :	[ 333 993 210 ]
[1  6  8] :	[ 428 639 272 ]
[2  6  8] :	[ 571 918 625 ]
[3  6  8] :	[ 713 327 518 ]
[4  6  8] :	[ 5 503 596 ]
[5  6  8] :	[ 40 17 782 ]
[6  6  8] :	[ 31 465 412 ]
[7  6  8] :	[ 20 467 57 ]
[8  6  8] :	[ 266 140 475 ]
[9  6  8] :	[ 35 938 921 ]
[10  6  8] :	[ 883 542 89 ]
[1  7  8] :	[ 253 727 660 ]
[2  7  8] :	[ 126 105 890 ]
[3  7  8] :	[ 914 824 398 ]
[4  7  8] :	[ 913 51 182 ]
[5  7  8] :	[ 556 56 870 ]
[6  7  8] :	[ 717 196 708 ]
[7  7  8] :	[ 534 568 276 ]
[8  7  8] :	[ 696 116 699 ]
[9  7  8] :	[ 26 849 72 ]
[10  7  8] :	[ 493 164 418 ]
[1  8  8] :	[ 983 769 231 ]
[2  8  8] :	[ 614 177 30 ]
[3  8  8] :	[ 334 561 754 ]
[4  8  8] :	[ 348 255 420 ]
[5  8  8] :	[ 177 852 660 ]
[6  8  8] :	[ 319 784 208 ]
[7  8  8] :	[ 94 977 526 ]
[8  8  8] :	[ 831 560 597 ]
[9  8  8] :	[ 754 851 731 ]
[10  8  8] :	[ 680 139 969 ]
[1  9  8] :	[ 289 911 631 ]
[2  9  8] :	[ 447 418 150 ]
[3  9  8] :	[ 940 429 259 ]
[4  9  8] :	[ 870 169 684 ]
[5  9  8] :	[ 977 106 88 ]
[6  9  8] :	[ 622 165 50 ]
[7  9  8] :	[ 37 164 499 ]
[8  9  8] :	[ 7 585 613 ]
[9  9  8] :	[ 916 307 899 ]
[10  9  8] :	[ 192 89 115 ]
[1  10  8] :	[ 228 326 669 ]
[2  10  8] :	[ 833 37 70 ]
[3  10  8] :	[ 554 920 106 ]
[4  10  8] :	[ 276 459 500 ]
[5  10  8] :	[ 337 277 175 ]
[6  10  8] :	[ 111 104 839 ]
[7  10  8] :	[ 211 295 735 ]
[8  10  8] :	[ 130 961 492 ]
[9  10  8] :	[ 115 271 145 ]
[10  10  8] :	[ 904 441 792 ]
[1  1  9] :	[ 28 549 923 ]
[2  1  9] :	[ 992 854 735 ]
[3  1  9] :	[ 530 754 995 ]
[4  1  9] :	[ 571 967 849 ]
[5  1  9] :	[ 555 933 731 ]
[6  1  9] :	[ 136 545 513 ]
[7  1  9] :	[ 423 360 307 ]
[8  1  9] :	[ 197 504 432 ]
[9  1  9] :	[ 546 26 345 ]
[10  1  9] :	[ 179 198 440 ]
[1  2  9] :	[ 712 561 372 ]
[2  2  9] :	[ 320 789 256 ]
[3  2  9] :	[ 773 592 505 ]
[4  2  9] :	[ 331 327 800 ]
[5  2  9] :	[ 145 450 236 ]
[6  2  9] :	[ 107 220 687 ]
[7  2  9] :	[ 302 640 129 ]
[8  2  9] :	[ 563 169 963 ]
[9  2  9] :	[ 392 351 75 ]
[10  2  9] :	[ 725 152 55 ]
[1  3  9] :	[ 818 215 203 ]
[2  3  9] :	[ 721 894 636 ]
[3  3  9] :	[ 994 900 197 ]
[4  3  9] :	[ 396 958 136 ]
[5  3  9] :	[ 230 609 33 ]
[6  3  9] :	[ 357 528 318 ]
[7  3  9] :	[ 413 883 851 ]
[8  3  9] :	[ 627 447 609 ]
[9  3  9] :	[ 797 76 37 ]
[10  3  9] :	[ 542 615 97 ]
[1  4  9] :	[ 118 537 443 ]
[2  4  9] :	[ 307 542 544 ]
[3  4  9] :	[ 617 762 192 ]
[4  4  9] :	[ 91 442 990 ]
[5  4  9] :	[ 272 59 592 ]
[6  4  9] :	[ 794 488 24 ]
[7  4  9] :	[ 313 370 264 ]
[8  4  9] :	[ 561 721 227 ]
[9  4  9] :	[ 243 954 813 ]
[10  4  9] :	[ 767 76 699 ]
[1  5  9] :	[ 217 166 860 ]
[2  5  9] :	[ 7 344 350 ]
[3  5  9] :	[ 718 330 363 ]
[4  5  9] :	[ 455 654 516 ]
[5  5  9] :	[ 329 168 253 ]
[6  5  9] :	[ 830 873 701 ]
[7  5  9] :	[ 775 530 101 ]
[8  5  9] :	[ 985 912 42 ]
[9  5  9] :	[ 732 871 787 ]
[10  5  9] :	[ 114 43 723 ]
[1  6  9] :	[ 805 478 904 ]
[2  6  9] :	[ 846 588 668 ]
[3  6  9] :	[ 24 563 551 ]
[4  6  9] :	[ 641 561 646 ]
[5  6  9] :	[ 647 771 396 ]
[6  6  9] :	[ 7 415 573 ]
[7  6  9] :	[ 721 215 755 ]
[8  6  9] :	[ 282 52 450 ]
[9  6  9] :	[ 790 997 430 ]
[10  6  9] :	[ 976 751 675 ]
[1  7  9] :	[ 346 62 94 ]
[2  7  9] :	[ 666 912 558 ]
[3  7  9] :	[ 926 865 866 ]
[4  7  9] :	[ 29 419 781 ]
[5  7  9] :	[ 294 379 63 ]
[6  7  9] :	[ 1000 349 464 ]
[7  7  9] :	[ 520 592 832 ]
[8  7  9] :	[ 12 331 960 ]
[9  7  9] :	[ 243 523 965 ]
[10  7  9] :	[ 547 762 509 ]
[1  8  9] :	[ 468 557 704 ]
[2  8  9] :	[ 539 541 596 ]
[3  8  9] :	[ 181 106 979 ]
[4  8  9] :	[ 666 23 220 ]
[5  8  9] :	[ 230 525 602 ]
[6  8  9] :	[ 992 301 778 ]
[7  8  9] :	[ 774 214 359 ]
[8  8  9] :	[ 416 71 54 ]
[9  8  9] :	[ 140 723 191 ]
[10  8  9] :	[ 586 742 618 ]
[1  9  9] :	[ 998 787 433 ]
[2  9  9] :	[ 529 549 20 ]
[3  9  9] :	[ 890 820 88 ]
[4  9  9] :	[ 798 650 682 ]
[5  9  9] :	[ 567 779 645 ]
[6  9  9] :	[ 106 32 554 ]
[7  9  9] :	[ 394 255 96 ]
[8  9  9] :	[ 740 794 99 ]
[9  9  9] :	[ 830 337 494 ]
[10  9  9] :	[ 654 621 50 ]
[1  10  9] :	[ 508 555 914 ]
[2  10  9] :	[ 549 62 965 ]
[3  10  9] :	[ 349 195 689 ]
[4  10  9] :	[ 25 444 816 ]
[5  10  9] :	[ 209 145 884 ]
[6  10  9] :	[ 546 555 442 ]
[7  10  9] :	[ 444 545 390 ]
[8  10  9] :	[ 538 783 678 ]
[9  10  9] :	[ 37 756 646 ]
[10  10  9] :	[ 887 573 466 ]
[1  1  10] :	[ 491 4 835 ]
[2  1  10] :	[ 972 216 256 ]
[3  1  10] :	[ 694 866 438 ]
[4  1  10] :	[ 540 203 205 ]
[5  1  10] :	[ 729 842 108 ]
[6  1  10] :	[ 233 319 838 ]
[7  1  10] :	[ 801 619 59 ]
[8  1  10] :	[ 797 984 332 ]
[9  1  10] :	[ 810 404 194 ]
[10  1  10] :	[ 362 63 10 ]
[1  2  10] :	[ 869 445 258 ]
[2  2  10] :	[ 124 827 859 ]
[3  2  10] :	[ 216 654 849 ]
[4  2  10] :	[ 115 105 539 ]
[5  2  10] :	[ 571 77 579 ]
[6  2  10] :	[ 929 49 644 ]
[7  2  10] :	[ 73 977 148 ]
[8  2  10] :	[ 623 761 675 ]
[9  2  10] :	[ 395 828 360 ]
[10  2  10] :	[ 873 43 795 ]
[1  3  10] :	[ 747 784 874 ]
[2  3  10] :	[ 658 400 822 ]
[3  3  10] :	[ 719 942 759 ]
[4  3  10] :	[ 584 729 992 ]
[5  3  10] :	[ 921 147 223 ]
[6  3  10] :	[ 752 532 619 ]
[7  3  10] :	[ 304 424 344 ]
[8  3  10] :	[ 64 511 319 ]
[9  3  10] :	[ 653 510 497 ]
[10  3  10] :	[ 838 788 718 ]
[1  4  10] :	[ 77 127 852 ]
[2  4  10] :	[ 811 29 397 ]
[3  4  10] :	[ 189 649 723 ]
[4  4  10] :	[ 286 403 41 ]
[5  4  10] :	[ 974 940 323 ]
[6  4  10] :	[ 504 536 652 ]
[7  4  10] :	[ 12 321 277 ]
[8  4  10] :	[ 37 730 17 ]
[9  4  10] :	[ 426 686 852 ]
[10  4  10] :	[ 288 200 185 ]
[1  5  10] :	[ 824 580 787 ]
[2  5  10] :	[ 174 632 210 ]
[3  5  10] :	[ 910 881 708 ]
[4  5  10] :	[ 954 129 153 ]
[5  5  10] :	[ 840 483 670 ]
[6  5  10] :	[ 571 452 905 ]
[7  5  10] :	[ 747 681 567 ]
[8  5  10] :	[ 928 328 695 ]
[9  5  10] :	[ 867 838 775 ]
[10  5  10] :	[ 297 546 580 ]
[1  6  10] :	[ 76 339 36 ]
[2  6  10] :	[ 709 199 283 ]
[3  6  10] :	[ 305 869 673 ]
[4  6  10] :	[ 209 121 779 ]
[5  6  10] :	[ 656 107 578 ]
[6  6  10] :	[ 392 599 936 ]
[7  6  10] :	[ 229 12 117 ]
[8  6  10] :	[ 644 364 695 ]
[9  6  10] :	[ 835 933 331 ]
[10  6  10] :	[ 151 762 48 ]
[1  7  10] :	[ 293 731 246 ]
[2  7  10] :	[ 308 534 797 ]
[3  7  10] :	[ 658 382 170 ]
[4  7  10] :	[ 936 750 557 ]
[5  7  10] :	[ 199 21 47 ]
[6  7  10] :	[ 374 864 83 ]
[7  7  10] :	[ 748 32 691 ]
[8  7  10] :	[ 321 336 913 ]
[9  7  10] :	[ 926 352 513 ]
[10  7  10] :	[ 430 776 973 ]
[1  8  10] :	[ 130 143 576 ]
[2  8  10] :	[ 290 501 771 ]
[3  8  10] :	[ 929 73 867 ]
[4  8  10] :	[ 268 969 571 ]
[5  8  10] :	[ 782 627 83 ]
[6  8  10] :	[ 826 915 444 ]
[7  8  10] :	[ 865 761 61 ]
[8  8  10] :	[ 569 578 879 ]
[9  8  10] :	[ 191 350 117 ]
[10  8  10] :	[ 487 984 89 ]
[1  9  10] :	[ 339 747 640 ]
[2  9  10] :	[ 324 600 697 ]
[3  9  10] :	[ 690 470 545 ]
[4  9  10] :	[ 644 171 158 ]
[5  9  10] :	[ 501 941 823 ]
[6  9  10] :	[ 352 311 253 ]
[7  9  10] :	[ 851 929 90 ]
[8  9  10] :	[ 836 448 978 ]
[9  9  10] :	[ 158 249 470 ]
[10  9  10] :	[ 471 387 159 ]
[1  10  10] :	[ 590 358 276 ]
[2  10  10] :	[ 618 797 351 ]
[3  10  10] :	[ 347 220 344 ]
[4  10  10] :	[ 843 868 82 ]
[5  10  10] :	[ 96 476 487 ]
[6  10  10] :	[ 467 772 842 ]
[7  10  10] :	[ 86 167 762 ]
[8  10  10] :	[ 673 69 478 ]
[9  10  10] :	[ 33 679 317 ]
[10  10  10] :	[ 725 131 870 ]
