# Generated by GAMUT v1.0.1
# A Game With Uniformly Random Payoffs
# Game Parameter Values:
# Random seed:	1652188580442
# Cmd Line:	-g RandomGame -players 3 -actions 10 -normalize -min_payoff 0.01 -max_payoff 10 -int_payoffs -int_mult 100 -f RG_multi_3_10_10.txt
# Players:	3
# Actions:	10 10 10
# players:	3
# actions:	[10]
[1  1  1] :	[ 64 102 441 ]
[2  1  1] :	[ 885 45 726 ]
[3  1  1] :	[ 347 661 760 ]
[4  1  1] :	[ 986 70 233 ]
[5  1  1] :	[ 432 483 77 ]
[6  1  1] :	[ 569 616 104 ]
[7  1  1] :	[ 623 604 682 ]
[8  1  1] :	[ 411 225 533 ]
[9  1  1] :	[ 116 534 333 ]
[10  1  1] :	[ 696 307 851 ]
[1  2  1] :	[ 191 780 706 ]
[2  2  1] :	[ 124 412 511 ]
[3  2  1] :	[ 475 415 19 ]
[4  2  1] :	[ 158 72 104 ]
[5  2  1] :	[ 322 194 516 ]
[6  2  1] :	[ 518 266 156 ]
[7  2  1] :	[ 432 221 575 ]
[8  2  1] :	[ 308 363 817 ]
[9  2  1] :	[ 348 31 250 ]
[10  2  1] :	[ 188 511 916 ]
[1  3  1] :	[ 429 436 921 ]
[2  3  1] :	[ 490 966 484 ]
[3  3  1] :	[ 741 55 671 ]
[4  3  1] :	[ 152 125 669 ]
[5  3  1] :	[ 650 785 197 ]
[6  3  1] :	[ 445 858 955 ]
[7  3  1] :	[ 734 359 688 ]
[8  3  1] :	[ 558 985 562 ]
[9  3  1] :	[ 279 634 571 ]
[10  3  1] :	[ 733 893 618 ]
[1  4  1] :	[ 475 370 405 ]
[2  4  1] :	[ 298 702 16 ]
[3  4  1] :	[ 663 663 325 ]
[4  4  1] :	[ 363 265 9 ]
[5  4  1] :	[ 268 836 62 ]
[6  4  1] :	[ 93 376 728 ]
[7  4  1] :	[ 522 910 1000 ]
[8  4  1] :	[ 236 964 625 ]
[9  4  1] :	[ 619 744 521 ]
[10  4  1] :	[ 537 739 544 ]
[1  5  1] :	[ 632 516 661 ]
[2  5  1] :	[ 758 804 200 ]
[3  5  1] :	[ 523 606 352 ]
[4  5  1] :	[ 405 390 341 ]
[5  5  1] :	[ 844 608 71 ]
[6  5  1] :	[ 75 19 70 ]
[7  5  1] :	[ 782 467 6 ]
[8  5  1] :	[ 150 708 748 ]
[9  5  1] :	[ 790 639 40 ]
[10  5  1] :	[ 810 991 475 ]
[1  6  1] :	[ 71 176 195 ]
[2  6  1] :	[ 34 497 519 ]
[3  6  1] :	[ 266 307 145 ]
[4  6  1] :	[ 989 315 676 ]
[5  6  1] :	[ 992 53 220 ]
[6  6  1] :	[ 627 455 708 ]
[7  6  1] :	[ 931 763 646 ]
[8  6  1] :	[ 935 77 656 ]
[9  6  1] :	[ 474 968 755 ]
[10  6  1] :	[ 619 233 520 ]
[1  7  1] :	[ 791 285 573 ]
[2  7  1] :	[ 409 122 928 ]
[3  7  1] :	[ 592 116 454 ]
[4  7  1] :	[ 867 65 690 ]
[5  7  1] :	[ 791 878 766 ]
[6  7  1] :	[ 73 946 531 ]
[7  7  1] :	[ 173 353 706 ]
[8  7  1] :	[ 496 815 671 ]
[9  7  1] :	[ 848 426 982 ]
[10  7  1] :	[ 516 870 717 ]
[1  8  1] :	[ 483 915 865 ]
[2  8  1] :	[ 560 692 603 ]
[3  8  1] :	[ 695 971 175 ]
[4  8  1] :	[ 577 265 141 ]
[5  8  1] :	[ 738 600 465 ]
[6  8  1] :	[ 312 929 91 ]
[7  8  1] :	[ 84 571 593 ]
[8  8  1] :	[ 551 790 393 ]
[9  8  1] :	[ 322 142 112 ]
[10  8  1] :	[ 529 327 263 ]
[1  9  1] :	[ 179 808 500 ]
[2  9  1] :	[ 47 894 771 ]
[3  9  1] :	[ 225 454 104 ]
[4  9  1] :	[ 586 783 287 ]
[5  9  1] :	[ 275 582 48 ]
[6  9  1] :	[ 806 201 885 ]
[7  9  1] :	[ 529 764 215 ]
[8  9  1] :	[ 27 729 654 ]
[9  9  1] :	[ 471 157 194 ]
[10  9  1] :	[ 655 908 413 ]
[1  10  1] :	[ 608 274 612 ]
[2  10  1] :	[ 324 796 952 ]
[3  10  1] :	[ 433 631 474 ]
[4  10  1] :	[ 2 870 757 ]
[5  10  1] :	[ 201 24 451 ]
[6  10  1] :	[ 274 23 651 ]
[7  10  1] :	[ 30 78 945 ]
[8  10  1] :	[ 816 715 701 ]
[9  10  1] :	[ 525 956 426 ]
[10  10  1] :	[ 90 518 534 ]
[1  1  2] :	[ 367 461 779 ]
[2  1  2] :	[ 5 107 347 ]
[3  1  2] :	[ 309 883 303 ]
[4  1  2] :	[ 714 655 891 ]
[5  1  2] :	[ 524 175 647 ]
[6  1  2] :	[ 251 103 598 ]
[7  1  2] :	[ 810 65 381 ]
[8  1  2] :	[ 155 644 397 ]
[9  1  2] :	[ 266 660 383 ]
[10  1  2] :	[ 81 516 369 ]
[1  2  2] :	[ 755 520 776 ]
[2  2  2] :	[ 794 735 749 ]
[3  2  2] :	[ 960 936 280 ]
[4  2  2] :	[ 784 237 328 ]
[5  2  2] :	[ 555 882 523 ]
[6  2  2] :	[ 635 215 659 ]
[7  2  2] :	[ 83 179 894 ]
[8  2  2] :	[ 129 571 622 ]
[9  2  2] :	[ 175 678 621 ]
[10  2  2] :	[ 227 951 611 ]
[1  3  2] :	[ 839 571 303 ]
[2  3  2] :	[ 448 919 329 ]
[3  3  2] :	[ 665 335 441 ]
[4  3  2] :	[ 727 380 18 ]
[5  3  2] :	[ 768 625 439 ]
[6  3  2] :	[ 603 427 690 ]
[7  3  2] :	[ 559 952 245 ]
[8  3  2] :	[ 55 565 902 ]
[9  3  2] :	[ 538 947 422 ]
[10  3  2] :	[ 707 627 228 ]
[1  4  2] :	[ 152 974 22 ]
[2  4  2] :	[ 450 307 152 ]
[3  4  2] :	[ 649 83 640 ]
[4  4  2] :	[ 67 651 757 ]
[5  4  2] :	[ 85 344 370 ]
[6  4  2] :	[ 975 207 565 ]
[7  4  2] :	[ 319 547 833 ]
[8  4  2] :	[ 891 150 110 ]
[9  4  2] :	[ 637 489 826 ]
[10  4  2] :	[ 513 109 513 ]
[1  5  2] :	[ 486 481 463 ]
[2  5  2] :	[ 579 771 953 ]
[3  5  2] :	[ 729 640 717 ]
[4  5  2] :	[ 731 462 930 ]
[5  5  2] :	[ 638 559 299 ]
[6  5  2] :	[ 149 851 584 ]
[7  5  2] :	[ 802 416 479 ]
[8  5  2] :	[ 216 884 582 ]
[9  5  2] :	[ 14 759 423 ]
[10  5  2] :	[ 363 823 835 ]
[1  6  2] :	[ 544 458 273 ]
[2  6  2] :	[ 544 457 193 ]
[3  6  2] :	[ 674 504 656 ]
[4  6  2] :	[ 503 857 410 ]
[5  6  2] :	[ 758 29 749 ]
[6  6  2] :	[ 495 239 917 ]
[7  6  2] :	[ 997 357 866 ]
[8  6  2] :	[ 455 310 913 ]
[9  6  2] :	[ 683 15 915 ]
[10  6  2] :	[ 876 950 934 ]
[1  7  2] :	[ 242 21 627 ]
[2  7  2] :	[ 834 703 704 ]
[3  7  2] :	[ 573 583 241 ]
[4  7  2] :	[ 523 868 579 ]
[5  7  2] :	[ 109 773 325 ]
[6  7  2] :	[ 288 249 347 ]
[7  7  2] :	[ 548 968 458 ]
[8  7  2] :	[ 24 649 386 ]
[9  7  2] :	[ 505 707 19 ]
[10  7  2] :	[ 857 251 972 ]
[1  8  2] :	[ 432 378 859 ]
[2  8  2] :	[ 483 96 726 ]
[3  8  2] :	[ 151 222 159 ]
[4  8  2] :	[ 394 204 201 ]
[5  8  2] :	[ 646 873 400 ]
[6  8  2] :	[ 300 719 396 ]
[7  8  2] :	[ 172 148 684 ]
[8  8  2] :	[ 424 894 501 ]
[9  8  2] :	[ 163 329 475 ]
[10  8  2] :	[ 417 432 493 ]
[1  9  2] :	[ 438 630 984 ]
[2  9  2] :	[ 697 502 900 ]
[3  9  2] :	[ 30 106 909 ]
[4  9  2] :	[ 825 747 285 ]
[5  9  2] :	[ 69 525 840 ]
[6  9  2] :	[ 719 374 846 ]
[7  9  2] :	[ 112 4 443 ]
[8  9  2] :	[ 275 536 442 ]
[9  9  2] :	[ 367 512 593 ]
[10  9  2] :	[ 79 18 768 ]
[1  10  2] :	[ 409 307 867 ]
[2  10  2] :	[ 184 601 51 ]
[3  10  2] :	[ 276 429 598 ]
[4  10  2] :	[ 185 715 452 ]
[5  10  2] :	[ 587 313 908 ]
[6  10  2] :	[ 554 182 193 ]
[7  10  2] :	[ 472 454 373 ]
[8  10  2] :	[ 170 226 782 ]
[9  10  2] :	[ 306 694 976 ]
[10  10  2] :	[ 458 953 613 ]
[1  1  3] :	[ 244 783 816 ]
[2  1  3] :	[ 236 109 646 ]
[3  1  3] :	[ 368 320 61 ]
[4  1  3] :	[ 169 66 25 ]
[5  1  3] :	[ 510 244 433 ]
[6  1  3] :	[ 567 413 940 ]
[7  1  3] :	[ 845 783 258 ]
[8  1  3] :	[ 407 422 55 ]
[9  1  3] :	[ 544 988 631 ]
[10  1  3] :	[ 90 759 532 ]
[1  2  3] :	[ 992 851 748 ]
[2  2  3] :	[ 437 592 547 ]
[3  2  3] :	[ 367 896 936 ]
[4  2  3] :	[ 933 236 868 ]
[5  2  3] :	[ 39 380 459 ]
[6  2  3] :	[ 788 569 50 ]
[7  2  3] :	[ 189 707 263 ]
[8  2  3] :	[ 301 998 533 ]
[9  2  3] :	[ 821 872 135 ]
[10  2  3] :	[ 316 962 756 ]
[1  3  3] :	[ 826 88 352 ]
[2  3  3] :	[ 664 33 557 ]
[3  3  3] :	[ 681 886 182 ]
[4  3  3] :	[ 103 241 937 ]
[5  3  3] :	[ 674 891 968 ]
[6  3  3] :	[ 806 217 611 ]
[7  3  3] :	[ 96 814 301 ]
[8  3  3] :	[ 271 191 47 ]
[9  3  3] :	[ 497 762 622 ]
[10  3  3] :	[ 80 562 373 ]
[1  4  3] :	[ 190 266 755 ]
[2  4  3] :	[ 261 974 133 ]
[3  4  3] :	[ 180 967 225 ]
[4  4  3] :	[ 565 384 409 ]
[5  4  3] :	[ 470 314 970 ]
[6  4  3] :	[ 430 902 13 ]
[7  4  3] :	[ 443 922 463 ]
[8  4  3] :	[ 346 79 714 ]
[9  4  3] :	[ 19 228 166 ]
[10  4  3] :	[ 934 455 830 ]
[1  5  3] :	[ 574 298 517 ]
[2  5  3] :	[ 115 232 834 ]
[3  5  3] :	[ 760 54 774 ]
[4  5  3] :	[ 892 1 99 ]
[5  5  3] :	[ 301 861 286 ]
[6  5  3] :	[ 557 931 961 ]
[7  5  3] :	[ 483 461 573 ]
[8  5  3] :	[ 608 247 195 ]
[9  5  3] :	[ 157 316 332 ]
[10  5  3] :	[ 617 359 850 ]
[1  6  3] :	[ 878 662 718 ]
[2  6  3] :	[ 338 591 446 ]
[3  6  3] :	[ 941 357 474 ]
[4  6  3] :	[ 705 76 605 ]
[5  6  3] :	[ 111 2 210 ]
[6  6  3] :	[ 592 294 491 ]
[7  6  3] :	[ 308 963 202 ]
[8  6  3] :	[ 224 828 472 ]
[9  6  3] :	[ 189 865 777 ]
[10  6  3] :	[ 318 732 477 ]
[1  7  3] :	[ 949 579 975 ]
[2  7  3] :	[ 453 198 691 ]
[3  7  3] :	[ 872 32 711 ]
[4  7  3] :	[ 511 901 847 ]
[5  7  3] :	[ 446 327 917 ]
[6  7  3] :	[ 820 39 250 ]
[7  7  3] :	[ 762 342 783 ]
[8  7  3] :	[ 877 898 80 ]
[9  7  3] :	[ 490 731 474 ]
[10  7  3] :	[ 941 337 956 ]
[1  8  3] :	[ 893 715 163 ]
[2  8  3] :	[ 18 192 609 ]
[3  8  3] :	[ 983 593 266 ]
[4  8  3] :	[ 500 902 734 ]
[5  8  3] :	[ 259 986 14 ]
[6  8  3] :	[ 375 237 430 ]
[7  8  3] :	[ 325 677 589 ]
[8  8  3] :	[ 61 207 317 ]
[9  8  3] :	[ 511 872 408 ]
[10  8  3] :	[ 757 263 479 ]
[1  9  3] :	[ 181 733 879 ]
[2  9  3] :	[ 307 650 689 ]
[3  9  3] :	[ 436 515 174 ]
[4  9  3] :	[ 652 994 809 ]
[5  9  3] :	[ 49 81 849 ]
[6  9  3] :	[ 884 606 565 ]
[7  9  3] :	[ 771 572 418 ]
[8  9  3] :	[ 844 529 890 ]
[9  9  3] :	[ 79 531 80 ]
[10  9  3] :	[ 110 775 71 ]
[1  10  3] :	[ 476 632 657 ]
[2  10  3] :	[ 937 705 956 ]
[3  10  3] :	[ 820 804 422 ]
[4  10  3] :	[ 232 605 437 ]
[5  10  3] :	[ 727 979 753 ]
[6  10  3] :	[ 348 967 311 ]
[7  10  3] :	[ 915 857 801 ]
[8  10  3] :	[ 641 933 29 ]
[9  10  3] :	[ 655 192 286 ]
[10  10  3] :	[ 118 995 817 ]
[1  1  4] :	[ 138 585 822 ]
[2  1  4] :	[ 543 409 427 ]
[3  1  4] :	[ 153 11 420 ]
[4  1  4] :	[ 567 266 439 ]
[5  1  4] :	[ 712 314 953 ]
[6  1  4] :	[ 68 823 436 ]
[7  1  4] :	[ 59 62 924 ]
[8  1  4] :	[ 260 127 730 ]
[9  1  4] :	[ 454 247 86 ]
[10  1  4] :	[ 515 90 982 ]
[1  2  4] :	[ 501 640 665 ]
[2  2  4] :	[ 95 89 472 ]
[3  2  4] :	[ 927 645 833 ]
[4  2  4] :	[ 630 361 726 ]
[5  2  4] :	[ 326 633 640 ]
[6  2  4] :	[ 532 607 396 ]
[7  2  4] :	[ 669 974 131 ]
[8  2  4] :	[ 209 578 973 ]
[9  2  4] :	[ 249 917 489 ]
[10  2  4] :	[ 933 946 915 ]
[1  3  4] :	[ 357 555 444 ]
[2  3  4] :	[ 199 666 27 ]
[3  3  4] :	[ 662 183 343 ]
[4  3  4] :	[ 902 500 197 ]
[5  3  4] :	[ 799 384 304 ]
[6  3  4] :	[ 574 601 565 ]
[7  3  4] :	[ 946 31 941 ]
[8  3  4] :	[ 183 401 616 ]
[9  3  4] :	[ 708 794 812 ]
[10  3  4] :	[ 808 676 872 ]
[1  4  4] :	[ 597 530 49 ]
[2  4  4] :	[ 246 273 684 ]
[3  4  4] :	[ 354 427 322 ]
[4  4  4] :	[ 575 481 893 ]
[5  4  4] :	[ 612 985 466 ]
[6  4  4] :	[ 51 585 980 ]
[7  4  4] :	[ 487 691 678 ]
[8  4  4] :	[ 506 420 994 ]
[9  4  4] :	[ 213 691 205 ]
[10  4  4] :	[ 763 295 324 ]
[1  5  4] :	[ 233 378 98 ]
[2  5  4] :	[ 397 954 161 ]
[3  5  4] :	[ 296 719 867 ]
[4  5  4] :	[ 205 264 570 ]
[5  5  4] :	[ 153 477 149 ]
[6  5  4] :	[ 73 243 953 ]
[7  5  4] :	[ 832 477 730 ]
[8  5  4] :	[ 834 334 805 ]
[9  5  4] :	[ 165 420 190 ]
[10  5  4] :	[ 400 439 62 ]
[1  6  4] :	[ 943 739 665 ]
[2  6  4] :	[ 725 929 527 ]
[3  6  4] :	[ 676 66 175 ]
[4  6  4] :	[ 456 530 629 ]
[5  6  4] :	[ 388 244 708 ]
[6  6  4] :	[ 698 672 508 ]
[7  6  4] :	[ 997 584 836 ]
[8  6  4] :	[ 791 414 652 ]
[9  6  4] :	[ 894 587 897 ]
[10  6  4] :	[ 170 639 525 ]
[1  7  4] :	[ 937 168 963 ]
[2  7  4] :	[ 979 718 829 ]
[3  7  4] :	[ 961 225 866 ]
[4  7  4] :	[ 593 680 927 ]
[5  7  4] :	[ 373 69 827 ]
[6  7  4] :	[ 209 829 65 ]
[7  7  4] :	[ 642 724 655 ]
[8  7  4] :	[ 516 603 199 ]
[9  7  4] :	[ 630 868 668 ]
[10  7  4] :	[ 662 648 519 ]
[1  8  4] :	[ 215 170 303 ]
[2  8  4] :	[ 249 958 154 ]
[3  8  4] :	[ 582 181 675 ]
[4  8  4] :	[ 659 711 706 ]
[5  8  4] :	[ 688 653 899 ]
[6  8  4] :	[ 985 733 252 ]
[7  8  4] :	[ 582 67 976 ]
[8  8  4] :	[ 205 533 449 ]
[9  8  4] :	[ 706 218 93 ]
[10  8  4] :	[ 864 416 721 ]
[1  9  4] :	[ 647 429 822 ]
[2  9  4] :	[ 522 388 814 ]
[3  9  4] :	[ 617 347 345 ]
[4  9  4] :	[ 19 632 686 ]
[5  9  4] :	[ 667 412 438 ]
[6  9  4] :	[ 492 101 178 ]
[7  9  4] :	[ 303 214 714 ]
[8  9  4] :	[ 957 867 398 ]
[9  9  4] :	[ 917 522 873 ]
[10  9  4] :	[ 558 997 515 ]
[1  10  4] :	[ 727 315 465 ]
[2  10  4] :	[ 910 775 861 ]
[3  10  4] :	[ 718 614 650 ]
[4  10  4] :	[ 662 699 768 ]
[5  10  4] :	[ 192 920 445 ]
[6  10  4] :	[ 723 27 742 ]
[7  10  4] :	[ 724 277 67 ]
[8  10  4] :	[ 126 198 773 ]
[9  10  4] :	[ 846 881 893 ]
[10  10  4] :	[ 865 838 318 ]
[1  1  5] :	[ 130 271 644 ]
[2  1  5] :	[ 78 403 647 ]
[3  1  5] :	[ 203 815 168 ]
[4  1  5] :	[ 789 984 507 ]
[5  1  5] :	[ 892 718 483 ]
[6  1  5] :	[ 54 248 867 ]
[7  1  5] :	[ 162 493 789 ]
[8  1  5] :	[ 485 419 592 ]
[9  1  5] :	[ 35 609 91 ]
[10  1  5] :	[ 780 423 409 ]
[1  2  5] :	[ 432 429 230 ]
[2  2  5] :	[ 503 543 208 ]
[3  2  5] :	[ 140 859 707 ]
[4  2  5] :	[ 873 873 270 ]
[5  2  5] :	[ 194 138 932 ]
[6  2  5] :	[ 953 626 429 ]
[7  2  5] :	[ 253 752 165 ]
[8  2  5] :	[ 234 352 571 ]
[9  2  5] :	[ 397 424 297 ]
[10  2  5] :	[ 142 995 428 ]
[1  3  5] :	[ 676 936 928 ]
[2  3  5] :	[ 350 597 84 ]
[3  3  5] :	[ 252 193 615 ]
[4  3  5] :	[ 425 272 141 ]
[5  3  5] :	[ 420 426 196 ]
[6  3  5] :	[ 446 45 530 ]
[7  3  5] :	[ 197 861 349 ]
[8  3  5] :	[ 674 220 696 ]
[9  3  5] :	[ 525 115 719 ]
[10  3  5] :	[ 524 431 409 ]
[1  4  5] :	[ 982 283 606 ]
[2  4  5] :	[ 388 638 18 ]
[3  4  5] :	[ 955 226 435 ]
[4  4  5] :	[ 790 180 249 ]
[5  4  5] :	[ 418 350 252 ]
[6  4  5] :	[ 966 182 998 ]
[7  4  5] :	[ 372 915 951 ]
[8  4  5] :	[ 707 122 285 ]
[9  4  5] :	[ 875 967 743 ]
[10  4  5] :	[ 997 60 21 ]
[1  5  5] :	[ 801 827 564 ]
[2  5  5] :	[ 96 784 423 ]
[3  5  5] :	[ 754 41 561 ]
[4  5  5] :	[ 570 212 251 ]
[5  5  5] :	[ 981 875 609 ]
[6  5  5] :	[ 120 352 87 ]
[7  5  5] :	[ 812 330 930 ]
[8  5  5] :	[ 659 794 188 ]
[9  5  5] :	[ 89 798 793 ]
[10  5  5] :	[ 835 278 146 ]
[1  6  5] :	[ 589 648 489 ]
[2  6  5] :	[ 472 655 320 ]
[3  6  5] :	[ 474 219 446 ]
[4  6  5] :	[ 147 565 520 ]
[5  6  5] :	[ 40 801 609 ]
[6  6  5] :	[ 363 913 461 ]
[7  6  5] :	[ 164 870 652 ]
[8  6  5] :	[ 483 814 331 ]
[9  6  5] :	[ 995 961 186 ]
[10  6  5] :	[ 455 753 394 ]
[1  7  5] :	[ 7 529 748 ]
[2  7  5] :	[ 385 344 598 ]
[3  7  5] :	[ 143 781 962 ]
[4  7  5] :	[ 530 204 877 ]
[5  7  5] :	[ 620 832 833 ]
[6  7  5] :	[ 367 982 398 ]
[7  7  5] :	[ 908 539 764 ]
[8  7  5] :	[ 937 858 794 ]
[9  7  5] :	[ 647 699 665 ]
[10  7  5] :	[ 940 498 235 ]
[1  8  5] :	[ 901 894 428 ]
[2  8  5] :	[ 394 289 335 ]
[3  8  5] :	[ 275 416 690 ]
[4  8  5] :	[ 591 138 995 ]
[5  8  5] :	[ 437 535 743 ]
[6  8  5] :	[ 449 344 551 ]
[7  8  5] :	[ 494 665 835 ]
[8  8  5] :	[ 680 284 345 ]
[9  8  5] :	[ 121 938 291 ]
[10  8  5] :	[ 158 470 367 ]
[1  9  5] :	[ 253 816 253 ]
[2  9  5] :	[ 851 930 766 ]
[3  9  5] :	[ 547 863 803 ]
[4  9  5] :	[ 115 810 309 ]
[5  9  5] :	[ 322 688 312 ]
[6  9  5] :	[ 382 427 589 ]
[7  9  5] :	[ 787 864 406 ]
[8  9  5] :	[ 466 13 633 ]
[9  9  5] :	[ 583 736 850 ]
[10  9  5] :	[ 217 795 413 ]
[1  10  5] :	[ 603 132 48 ]
[2  10  5] :	[ 791 440 390 ]
[3  10  5] :	[ 303 189 984 ]
[4  10  5] :	[ 976 858 141 ]
[5  10  5] :	[ 171 362 344 ]
[6  10  5] :	[ 926 854 81 ]
[7  10  5] :	[ 998 82 715 ]
[8  10  5] :	[ 201 481 583 ]
[9  10  5] :	[ 487 74 175 ]
[10  10  5] :	[ 736 614 97 ]
[1  1  6] :	[ 604 410 7 ]
[2  1  6] :	[ 347 340 125 ]
[3  1  6] :	[ 716 853 510 ]
[4  1  6] :	[ 716 962 960 ]
[5  1  6] :	[ 827 714 163 ]
[6  1  6] :	[ 706 875 329 ]
[7  1  6] :	[ 287 396 229 ]
[8  1  6] :	[ 956 144 563 ]
[9  1  6] :	[ 884 404 945 ]
[10  1  6] :	[ 367 393 608 ]
[1  2  6] :	[ 830 4 9 ]
[2  2  6] :	[ 514 836 165 ]
[3  2  6] :	[ 182 867 205 ]
[4  2  6] :	[ 650 702 160 ]
[5  2  6] :	[ 779 261 852 ]
[6  2  6] :	[ 613 712 746 ]
[7  2  6] :	[ 6 117 631 ]
[8  2  6] :	[ 138 196 277 ]
[9  2  6] :	[ 930 45 321 ]
[10  2  6] :	[ 285 867 573 ]
[1  3  6] :	[ 821 148 699 ]
[2  3  6] :	[ 360 853 943 ]
[3  3  6] :	[ 186 852 204 ]
[4  3  6] :	[ 120 403 364 ]
[5  3  6] :	[ 484 576 951 ]
[6  3  6] :	[ 620 375 188 ]
[7  3  6] :	[ 344 493 71 ]
[8  3  6] :	[ 673 545 359 ]
[9  3  6] :	[ 392 230 398 ]
[10  3  6] :	[ 54 425 171 ]
[1  4  6] :	[ 937 711 963 ]
[2  4  6] :	[ 834 397 872 ]
[3  4  6] :	[ 486 447 55 ]
[4  4  6] :	[ 111 851 238 ]
[5  4  6] :	[ 929 98 433 ]
[6  4  6] :	[ 16 745 458 ]
[7  4  6] :	[ 938 646 495 ]
[8  4  6] :	[ 986 733 346 ]
[9  4  6] :	[ 423 802 87 ]
[10  4  6] :	[ 461 212 791 ]
[1  5  6] :	[ 405 464 700 ]
[2  5  6] :	[ 262 165 228 ]
[3  5  6] :	[ 513 78 968 ]
[4  5  6] :	[ 237 567 646 ]
[5  5  6] :	[ 870 305 527 ]
[6  5  6] :	[ 83 861 511 ]
[7  5  6] :	[ 957 507 236 ]
[8  5  6] :	[ 566 78 955 ]
[9  5  6] :	[ 315 507 739 ]
[10  5  6] :	[ 594 936 663 ]
[1  6  6] :	[ 505 980 936 ]
[2  6  6] :	[ 142 465 931 ]
[3  6  6] :	[ 786 623 737 ]
[4  6  6] :	[ 127 524 170 ]
[5  6  6] :	[ 444 993 41 ]
[6  6  6] :	[ 832 313 528 ]
[7  6  6] :	[ 839 324 952 ]
[8  6  6] :	[ 698 403 681 ]
[9  6  6] :	[ 294 736 368 ]
[10  6  6] :	[ 854 640 193 ]
[1  7  6] :	[ 844 412 255 ]
[2  7  6] :	[ 843 297 122 ]
[3  7  6] :	[ 468 656 628 ]
[4  7  6] :	[ 945 798 830 ]
[5  7  6] :	[ 244 173 721 ]
[6  7  6] :	[ 583 165 730 ]
[7  7  6] :	[ 282 725 456 ]
[8  7  6] :	[ 437 938 290 ]
[9  7  6] :	[ 570 897 698 ]
[10  7  6] :	[ 434 512 967 ]
[1  8  6] :	[ 792 584 68 ]
[2  8  6] :	[ 254 909 327 ]
[3  8  6] :	[ 766 885 275 ]
[4  8  6] :	[ 863 602 901 ]
[5  8  6] :	[ 655 943 44 ]
[6  8  6] :	[ 932 719 69 ]
[7  8  6] :	[ 301 515 53 ]
[8  8  6] :	[ 397 337 296 ]
[9  8  6] :	[ 503 255 662 ]
[10  8  6] :	[ 570 511 340 ]
[1  9  6] :	[ 508 118 475 ]
[2  9  6] :	[ 729 586 40 ]
[3  9  6] :	[ 261 583 261 ]
[4  9  6] :	[ 343 441 981 ]
[5  9  6] :	[ 653 377 930 ]
[6  9  6] :	[ 711 865 816 ]
[7  9  6] :	[ 263 891 249 ]
[8  9  6] :	[ 774 873 304 ]
[9  9  6] :	[ 414 804 397 ]
[10  9  6] :	[ 916 438 29 ]
[1  10  6] :	[ 183 597 592 ]
[2  10  6] :	[ 320 927 258 ]
[3  10  6] :	[ 704 519 576 ]
[4  10  6] :	[ 692 229 950 ]
[5  10  6] :	[ 418 197 934 ]
[6  10  6] :	[ 88 604 652 ]
[7  10  6] :	[ 129 62 152 ]
[8  10  6] :	[ 106 284 872 ]
[9  10  6] :	[ 872 95 938 ]
[10  10  6] :	[ 564 562 826 ]
[1  1  7] :	[ 799 352 206 ]
[2  1  7] :	[ 115 48 638 ]
[3  1  7] :	[ 938 416 915 ]
[4  1  7] :	[ 168 967 646 ]
[5  1  7] :	[ 792 83 710 ]
[6  1  7] :	[ 463 227 481 ]
[7  1  7] :	[ 950 604 442 ]
[8  1  7] :	[ 201 878 451 ]
[9  1  7] :	[ 146 921 555 ]
[10  1  7] :	[ 409 748 374 ]
[1  2  7] :	[ 416 903 329 ]
[2  2  7] :	[ 390 181 730 ]
[3  2  7] :	[ 42 741 698 ]
[4  2  7] :	[ 266 13 282 ]
[5  2  7] :	[ 23 572 136 ]
[6  2  7] :	[ 644 283 758 ]
[7  2  7] :	[ 618 880 722 ]
[8  2  7] :	[ 14 549 742 ]
[9  2  7] :	[ 601 669 269 ]
[10  2  7] :	[ 985 559 230 ]
[1  3  7] :	[ 788 966 385 ]
[2  3  7] :	[ 814 94 41 ]
[3  3  7] :	[ 127 631 699 ]
[4  3  7] :	[ 713 887 124 ]
[5  3  7] :	[ 446 312 679 ]
[6  3  7] :	[ 212 153 945 ]
[7  3  7] :	[ 218 596 417 ]
[8  3  7] :	[ 887 596 471 ]
[9  3  7] :	[ 540 105 361 ]
[10  3  7] :	[ 81 273 547 ]
[1  4  7] :	[ 653 489 870 ]
[2  4  7] :	[ 5 686 610 ]
[3  4  7] :	[ 692 772 48 ]
[4  4  7] :	[ 12 436 102 ]
[5  4  7] :	[ 24 266 936 ]
[6  4  7] :	[ 449 351 646 ]
[7  4  7] :	[ 331 813 623 ]
[8  4  7] :	[ 786 335 33 ]
[9  4  7] :	[ 856 506 299 ]
[10  4  7] :	[ 794 551 401 ]
[1  5  7] :	[ 695 218 989 ]
[2  5  7] :	[ 914 695 326 ]
[3  5  7] :	[ 355 608 550 ]
[4  5  7] :	[ 401 743 995 ]
[5  5  7] :	[ 534 229 57 ]
[6  5  7] :	[ 867 335 466 ]
[7  5  7] :	[ 302 277 898 ]
[8  5  7] :	[ 965 788 437 ]
[9  5  7] :	[ 900 672 334 ]
[10  5  7] :	[ 626 213 836 ]
[1  6  7] :	[ 639 814 976 ]
[2  6  7] :	[ 699 603 136 ]
[3  6  7] :	[ 118 430 537 ]
[4  6  7] :	[ 525 471 112 ]
[5  6  7] :	[ 873 795 971 ]
[6  6  7] :	[ 743 214 204 ]
[7  6  7] :	[ 730 796 277 ]
[8  6  7] :	[ 51 216 625 ]
[9  6  7] :	[ 591 220 139 ]
[10  6  7] :	[ 138 598 604 ]
[1  7  7] :	[ 123 457 135 ]
[2  7  7] :	[ 298 696 994 ]
[3  7  7] :	[ 164 39 661 ]
[4  7  7] :	[ 231 10 863 ]
[5  7  7] :	[ 433 734 274 ]
[6  7  7] :	[ 131 503 431 ]
[7  7  7] :	[ 93 92 813 ]
[8  7  7] :	[ 879 371 940 ]
[9  7  7] :	[ 414 391 158 ]
[10  7  7] :	[ 876 493 139 ]
[1  8  7] :	[ 390 22 531 ]
[2  8  7] :	[ 13 809 185 ]
[3  8  7] :	[ 59 874 977 ]
[4  8  7] :	[ 362 288 40 ]
[5  8  7] :	[ 972 542 634 ]
[6  8  7] :	[ 268 516 893 ]
[7  8  7] :	[ 991 266 7 ]
[8  8  7] :	[ 592 486 742 ]
[9  8  7] :	[ 162 668 288 ]
[10  8  7] :	[ 352 767 976 ]
[1  9  7] :	[ 994 409 316 ]
[2  9  7] :	[ 57 51 172 ]
[3  9  7] :	[ 168 996 627 ]
[4  9  7] :	[ 584 235 556 ]
[5  9  7] :	[ 413 818 74 ]
[6  9  7] :	[ 785 795 656 ]
[7  9  7] :	[ 723 58 979 ]
[8  9  7] :	[ 715 581 950 ]
[9  9  7] :	[ 721 840 83 ]
[10  9  7] :	[ 685 440 461 ]
[1  10  7] :	[ 10 926 687 ]
[2  10  7] :	[ 606 780 527 ]
[3  10  7] :	[ 114 343 167 ]
[4  10  7] :	[ 504 310 806 ]
[5  10  7] :	[ 517 882 172 ]
[6  10  7] :	[ 664 696 249 ]
[7  10  7] :	[ 703 807 632 ]
[8  10  7] :	[ 854 526 301 ]
[9  10  7] :	[ 595 795 671 ]
[10  10  7] :	[ 139 47 401 ]
[1  1  8] :	[ 666 148 194 ]
[2  1  8] :	[ 232 302 461 ]
[3  1  8] :	[ 182 176 925 ]
[4  1  8] :	[ 359 183 56 ]
[5  1  8] :	[ 597 876 542 ]
[6  1  8] :	[ 765 934 557 ]
[7  1  8] :	[ 489 411 13 ]
[8  1  8] :	[ 876 908 176 ]
[9  1  8] :	[ 281 401 80 ]
[10  1  8] :	[ 585 33 456 ]
[1  2  8] :	[ 327 658 606 ]
[2  2  8] :	[ 190 4 999 ]
[3  2  8] :	[ 177 181 343 ]
[4  2  8] :	[ 213 663 406 ]
[5  2  8] :	[ 237 145 44 ]
[6  2  8] :	[ 241 167 396 ]
[7  2  8] :	[ 78 351 148 ]
[8  2  8] :	[ 200 288 783 ]
[9  2  8] :	[ 707 249 816 ]
[10  2  8] :	[ 303 660 306 ]
[1  3  8] :	[ 652 46 678 ]
[2  3  8] :	[ 459 625 832 ]
[3  3  8] :	[ 405 704 431 ]
[4  3  8] :	[ 93 207 109 ]
[5  3  8] :	[ 938 204 457 ]
[6  3  8] :	[ 233 4 171 ]
[7  3  8] :	[ 640 588 995 ]
[8  3  8] :	[ 22 450 885 ]
[9  3  8] :	[ 310 987 491 ]
[10  3  8] :	[ 545 204 516 ]
[1  4  8] :	[ 152 413 391 ]
[2  4  8] :	[ 435 717 949 ]
[3  4  8] :	[ 964 150 805 ]
[4  4  8] :	[ 189 389 546 ]
[5  4  8] :	[ 769 628 492 ]
[6  4  8] :	[ 437 805 820 ]
[7  4  8] :	[ 621 721 101 ]
[8  4  8] :	[ 871 371 152 ]
[9  4  8] :	[ 532 205 615 ]
[10  4  8] :	[ 518 88 947 ]
[1  5  8] :	[ 847 321 403 ]
[2  5  8] :	[ 31 232 514 ]
[3  5  8] :	[ 545 637 126 ]
[4  5  8] :	[ 671 457 933 ]
[5  5  8] :	[ 252 64 271 ]
[6  5  8] :	[ 127 158 435 ]
[7  5  8] :	[ 43 768 59 ]
[8  5  8] :	[ 949 331 853 ]
[9  5  8] :	[ 687 681 429 ]
[10  5  8] :	[ 749 299 239 ]
[1  6  8] :	[ 11 166 557 ]
[2  6  8] :	[ 579 393 400 ]
[3  6  8] :	[ 641 867 624 ]
[4  6  8] :	[ 878 517 246 ]
[5  6  8] :	[ 119 552 20 ]
[6  6  8] :	[ 737 633 86 ]
[7  6  8] :	[ 57 104 951 ]
[8  6  8] :	[ 868 987 368 ]
[9  6  8] :	[ 756 818 1000 ]
[10  6  8] :	[ 897 848 602 ]
[1  7  8] :	[ 61 383 14 ]
[2  7  8] :	[ 401 883 786 ]
[3  7  8] :	[ 574 570 179 ]
[4  7  8] :	[ 367 905 597 ]
[5  7  8] :	[ 344 159 959 ]
[6  7  8] :	[ 562 667 880 ]
[7  7  8] :	[ 152 903 59 ]
[8  7  8] :	[ 105 803 666 ]
[9  7  8] :	[ 322 664 696 ]
[10  7  8] :	[ 579 949 678 ]
[1  8  8] :	[ 212 216 503 ]
[2  8  8] :	[ 319 913 262 ]
[3  8  8] :	[ 690 379 467 ]
[4  8  8] :	[ 349 358 6 ]
[5  8  8] :	[ 204 270 750 ]
[6  8  8] :	[ 504 719 388 ]
[7  8  8] :	[ 562 926 428 ]
[8  8  8] :	[ 938 485 290 ]
[9  8  8] :	[ 79 531 203 ]
[10  8  8] :	[ 658 867 579 ]
[1  9  8] :	[ 30 985 926 ]
[2  9  8] :	[ 550 680 582 ]
[3  9  8] :	[ 646 926 991 ]
[4  9  8] :	[ 290 506 497 ]
[5  9  8] :	[ 756 983 821 ]
[6  9  8] :	[ 149 208 798 ]
[7  9  8] :	[ 111 621 143 ]
[8  9  8] :	[ 578 562 795 ]
[9  9  8] :	[ 60 376 439 ]
[10  9  8] :	[ 977 236 515 ]
[1  10  8] :	[ 129 250 104 ]
[2  10  8] :	[ 607 926 454 ]
[3  10  8] :	[ 893 141 586 ]
[4  10  8] :	[ 561 25 754 ]
[5  10  8] :	[ 133 177 377 ]
[6  10  8] :	[ 47 429 741 ]
[7  10  8] :	[ 163 850 483 ]
[8  10  8] :	[ 525 836 204 ]
[9  10  8] :	[ 590 867 116 ]
[10  10  8] :	[ 878 944 236 ]
[1  1  9] :	[ 971 210 491 ]
[2  1  9] :	[ 604 171 155 ]
[3  1  9] :	[ 452 300 741 ]
[4  1  9] :	[ 930 103 983 ]
[5  1  9] :	[ 581 365 144 ]
[6  1  9] :	[ 643 257 75 ]
[7  1  9] :	[ 187 534 923 ]
[8  1  9] :	[ 881 722 802 ]
[9  1  9] :	[ 238 495 173 ]
[10  1  9] :	[ 124 48 294 ]
[1  2  9] :	[ 523 77 649 ]
[2  2  9] :	[ 235 361 100 ]
[3  2  9] :	[ 383 300 79 ]
[4  2  9] :	[ 868 417 619 ]
[5  2  9] :	[ 383 577 587 ]
[6  2  9] :	[ 379 280 197 ]
[7  2  9] :	[ 329 914 124 ]
[8  2  9] :	[ 976 801 890 ]
[9  2  9] :	[ 417 595 524 ]
[10  2  9] :	[ 356 535 156 ]
[1  3  9] :	[ 20 528 692 ]
[2  3  9] :	[ 876 174 564 ]
[3  3  9] :	[ 45 734 313 ]
[4  3  9] :	[ 274 4 480 ]
[5  3  9] :	[ 254 637 487 ]
[6  3  9] :	[ 459 929 271 ]
[7  3  9] :	[ 76 375 532 ]
[8  3  9] :	[ 470 761 703 ]
[9  3  9] :	[ 507 273 257 ]
[10  3  9] :	[ 749 137 62 ]
[1  4  9] :	[ 652 457 913 ]
[2  4  9] :	[ 577 528 946 ]
[3  4  9] :	[ 356 864 498 ]
[4  4  9] :	[ 398 467 604 ]
[5  4  9] :	[ 575 381 529 ]
[6  4  9] :	[ 451 664 889 ]
[7  4  9] :	[ 539 541 954 ]
[8  4  9] :	[ 401 171 39 ]
[9  4  9] :	[ 991 14 787 ]
[10  4  9] :	[ 691 694 319 ]
[1  5  9] :	[ 698 651 690 ]
[2  5  9] :	[ 974 538 458 ]
[3  5  9] :	[ 884 96 397 ]
[4  5  9] :	[ 960 330 481 ]
[5  5  9] :	[ 56 115 79 ]
[6  5  9] :	[ 377 504 87 ]
[7  5  9] :	[ 917 944 715 ]
[8  5  9] :	[ 769 569 878 ]
[9  5  9] :	[ 524 896 202 ]
[10  5  9] :	[ 599 319 189 ]
[1  6  9] :	[ 853 331 184 ]
[2  6  9] :	[ 578 691 890 ]
[3  6  9] :	[ 81 392 863 ]
[4  6  9] :	[ 459 623 540 ]
[5  6  9] :	[ 51 722 9 ]
[6  6  9] :	[ 165 764 714 ]
[7  6  9] :	[ 726 903 817 ]
[8  6  9] :	[ 425 708 923 ]
[9  6  9] :	[ 398 739 711 ]
[10  6  9] :	[ 138 648 522 ]
[1  7  9] :	[ 850 564 681 ]
[2  7  9] :	[ 787 351 615 ]
[3  7  9] :	[ 519 665 812 ]
[4  7  9] :	[ 230 532 565 ]
[5  7  9] :	[ 470 124 572 ]
[6  7  9] :	[ 313 240 142 ]
[7  7  9] :	[ 131 217 579 ]
[8  7  9] :	[ 619 563 24 ]
[9  7  9] :	[ 548 909 593 ]
[10  7  9] :	[ 439 796 759 ]
[1  8  9] :	[ 89 441 592 ]
[2  8  9] :	[ 980 363 929 ]
[3  8  9] :	[ 407 996 39 ]
[4  8  9] :	[ 327 39 138 ]
[5  8  9] :	[ 898 657 720 ]
[6  8  9] :	[ 271 961 247 ]
[7  8  9] :	[ 167 207 459 ]
[8  8  9] :	[ 669 76 585 ]
[9  8  9] :	[ 298 740 121 ]
[10  8  9] :	[ 385 70 403 ]
[1  9  9] :	[ 151 998 652 ]
[2  9  9] :	[ 88 860 843 ]
[3  9  9] :	[ 971 741 933 ]
[4  9  9] :	[ 819 561 14 ]
[5  9  9] :	[ 312 525 125 ]
[6  9  9] :	[ 267 987 44 ]
[7  9  9] :	[ 443 928 476 ]
[8  9  9] :	[ 287 594 448 ]
[9  9  9] :	[ 906 312 672 ]
[10  9  9] :	[ 546 502 808 ]
[1  10  9] :	[ 857 722 65 ]
[2  10  9] :	[ 922 966 998 ]
[3  10  9] :	[ 965 912 379 ]
[4  10  9] :	[ 714 58 698 ]
[5  10  9] :	[ 528 761 874 ]
[6  10  9] :	[ 226 2 33 ]
[7  10  9] :	[ 454 721 643 ]
[8  10  9] :	[ 19 140 316 ]
[9  10  9] :	[ 975 408 743 ]
[10  10  9] :	[ 238 656 301 ]
[1  1  10] :	[ 532 745 686 ]
[2  1  10] :	[ 104 606 260 ]
[3  1  10] :	[ 535 489 357 ]
[4  1  10] :	[ 672 413 851 ]
[5  1  10] :	[ 877 657 456 ]
[6  1  10] :	[ 541 370 929 ]
[7  1  10] :	[ 665 775 850 ]
[8  1  10] :	[ 756 99 544 ]
[9  1  10] :	[ 681 732 919 ]
[10  1  10] :	[ 18 780 760 ]
[1  2  10] :	[ 604 915 647 ]
[2  2  10] :	[ 429 840 59 ]
[3  2  10] :	[ 730 493 364 ]
[4  2  10] :	[ 880 13 947 ]
[5  2  10] :	[ 266 929 134 ]
[6  2  10] :	[ 283 116 557 ]
[7  2  10] :	[ 798 861 567 ]
[8  2  10] :	[ 812 697 992 ]
[9  2  10] :	[ 4 243 693 ]
[10  2  10] :	[ 219 157 738 ]
[1  3  10] :	[ 533 507 567 ]
[2  3  10] :	[ 766 957 561 ]
[3  3  10] :	[ 246 357 643 ]
[4  3  10] :	[ 192 835 981 ]
[5  3  10] :	[ 82 777 148 ]
[6  3  10] :	[ 5 133 125 ]
[7  3  10] :	[ 979 778 713 ]
[8  3  10] :	[ 713 696 537 ]
[9  3  10] :	[ 787 124 211 ]
[10  3  10] :	[ 174 604 695 ]
[1  4  10] :	[ 605 661 891 ]
[2  4  10] :	[ 861 858 364 ]
[3  4  10] :	[ 577 368 820 ]
[4  4  10] :	[ 719 409 601 ]
[5  4  10] :	[ 834 812 775 ]
[6  4  10] :	[ 525 195 173 ]
[7  4  10] :	[ 918 343 903 ]
[8  4  10] :	[ 733 683 825 ]
[9  4  10] :	[ 47 235 922 ]
[10  4  10] :	[ 405 481 562 ]
[1  5  10] :	[ 693 565 411 ]
[2  5  10] :	[ 389 411 733 ]
[3  5  10] :	[ 865 265 203 ]
[4  5  10] :	[ 909 65 763 ]
[5  5  10] :	[ 810 478 127 ]
[6  5  10] :	[ 581 508 255 ]
[7  5  10] :	[ 632 579 696 ]
[8  5  10] :	[ 608 72 548 ]
[9  5  10] :	[ 991 614 337 ]
[10  5  10] :	[ 155 895 617 ]
[1  6  10] :	[ 989 908 360 ]
[2  6  10] :	[ 204 225 173 ]
[3  6  10] :	[ 864 591 112 ]
[4  6  10] :	[ 240 944 631 ]
[5  6  10] :	[ 908 201 462 ]
[6  6  10] :	[ 178 982 916 ]
[7  6  10] :	[ 293 343 171 ]
[8  6  10] :	[ 676 505 249 ]
[9  6  10] :	[ 179 239 590 ]
[10  6  10] :	[ 256 982 834 ]
[1  7  10] :	[ 729 276 72 ]
[2  7  10] :	[ 336 638 708 ]
[3  7  10] :	[ 738 294 39 ]
[4  7  10] :	[ 728 574 683 ]
[5  7  10] :	[ 399 171 804 ]
[6  7  10] :	[ 285 168 994 ]
[7  7  10] :	[ 53 340 376 ]
[8  7  10] :	[ 351 676 731 ]
[9  7  10] :	[ 143 655 871 ]
[10  7  10] :	[ 250 310 614 ]
[1  8  10] :	[ 311 665 163 ]
[2  8  10] :	[ 98 227 198 ]
[3  8  10] :	[ 962 883 462 ]
[4  8  10] :	[ 696 783 790 ]
[5  8  10] :	[ 242 285 988 ]
[6  8  10] :	[ 417 76 505 ]
[7  8  10] :	[ 531 742 496 ]
[8  8  10] :	[ 997 136 141 ]
[9  8  10] :	[ 67 587 335 ]
[10  8  10] :	[ 926 437 242 ]
[1  9  10] :	[ 304 426 37 ]
[2  9  10] :	[ 721 381 705 ]
[3  9  10] :	[ 366 926 188 ]
[4  9  10] :	[ 488 763 874 ]
[5  9  10] :	[ 306 553 935 ]
[6  9  10] :	[ 940 529 808 ]
[7  9  10] :	[ 508 534 818 ]
[8  9  10] :	[ 596 355 632 ]
[9  9  10] :	[ 219 243 474 ]
[10  9  10] :	[ 671 159 767 ]
[1  10  10] :	[ 743 137 762 ]
[2  10  10] :	[ 726 977 822 ]
[3  10  10] :	[ 7 596 318 ]
[4  10  10] :	[ 136 853 732 ]
[5  10  10] :	[ 143 2 724 ]
[6  10  10] :	[ 941 364 917 ]
[7  10  10] :	[ 70 897 192 ]
[8  10  10] :	[ 423 66 178 ]
[9  10  10] :	[ 179 818 935 ]
[10  10  10] :	[ 477 651 252 ]
