# Generated by GAMUT v1.0.1
# A Game With Uniformly Random Payoffs
# Game Parameter Values:
# Random seed:	1652520753952
# Cmd Line:	-g RandomGame -players 3 -actions 5 -normalize -min_payoff 0.01 -max_payoff 1 -int_payoffs -int_mult 100 -f RG_multi_3_5_3.txt
# Players:	3
# Actions:	5 5 5
# players:	3
# actions:	[5]
[1  1  1] :	[ 6 47 24 ]
[2  1  1] :	[ 52 90 93 ]
[3  1  1] :	[ 20 44 72 ]
[4  1  1] :	[ 99 15 33 ]
[5  1  1] :	[ 82 82 87 ]
[1  2  1] :	[ 23 58 40 ]
[2  2  1] :	[ 90 26 41 ]
[3  2  1] :	[ 4 57 22 ]
[4  2  1] :	[ 68 76 58 ]
[5  2  1] :	[ 68 57 70 ]
[1  3  1] :	[ 57 74 75 ]
[2  3  1] :	[ 2 48 18 ]
[3  3  1] :	[ 95 67 19 ]
[4  3  1] :	[ 10 93 51 ]
[5  3  1] :	[ 76 27 84 ]
[1  4  1] :	[ 79 98 59 ]
[2  4  1] :	[ 24 99 8 ]
[3  4  1] :	[ 9 99 21 ]
[4  4  1] :	[ 68 49 2 ]
[5  4  1] :	[ 96 74 35 ]
[1  5  1] :	[ 50 27 65 ]
[2  5  1] :	[ 17 52 11 ]
[3  5  1] :	[ 47 23 9 ]
[4  5  1] :	[ 42 85 35 ]
[5  5  1] :	[ 50 49 69 ]
[1  1  2] :	[ 89 80 17 ]
[2  1  2] :	[ 69 24 33 ]
[3  1  2] :	[ 54 4 79 ]
[4  1  2] :	[ 76 13 22 ]
[5  1  2] :	[ 79 5 99 ]
[1  2  2] :	[ 44 99 44 ]
[2  2  2] :	[ 57 48 54 ]
[3  2  2] :	[ 45 48 99 ]
[4  2  2] :	[ 22 83 13 ]
[5  2  2] :	[ 7 71 2 ]
[1  3  2] :	[ 28 55 23 ]
[2  3  2] :	[ 24 45 17 ]
[3  3  2] :	[ 50 32 43 ]
[4  3  2] :	[ 55 84 67 ]
[5  3  2] :	[ 3 55 79 ]
[1  4  2] :	[ 20 39 68 ]
[2  4  2] :	[ 64 8 55 ]
[3  4  2] :	[ 45 66 94 ]
[4  4  2] :	[ 69 42 25 ]
[5  4  2] :	[ 89 35 22 ]
[1  5  2] :	[ 44 6 45 ]
[2  5  2] :	[ 41 67 54 ]
[3  5  2] :	[ 92 8 22 ]
[4  5  2] :	[ 62 62 25 ]
[5  5  2] :	[ 99 2 57 ]
[1  1  3] :	[ 62 6 7 ]
[2  1  3] :	[ 40 29 67 ]
[3  1  3] :	[ 64 56 61 ]
[4  1  3] :	[ 24 3 8 ]
[5  1  3] :	[ 36 100 52 ]
[1  2  3] :	[ 46 39 33 ]
[2  2  3] :	[ 59 31 52 ]
[3  2  3] :	[ 49 38 53 ]
[4  2  3] :	[ 94 4 3 ]
[5  2  3] :	[ 63 44 38 ]
[1  3  3] :	[ 87 25 30 ]
[2  3  3] :	[ 86 87 60 ]
[3  3  3] :	[ 73 48 39 ]
[4  3  3] :	[ 36 6 25 ]
[5  3  3] :	[ 90 95 58 ]
[1  4  3] :	[ 91 4 18 ]
[2  4  3] :	[ 88 71 53 ]
[3  4  3] :	[ 70 38 66 ]
[4  4  3] :	[ 33 87 58 ]
[5  4  3] :	[ 98 34 94 ]
[1  5  3] :	[ 17 88 79 ]
[2  5  3] :	[ 92 97 37 ]
[3  5  3] :	[ 18 81 29 ]
[4  5  3] :	[ 36 42 23 ]
[5  5  3] :	[ 55 70 73 ]
[1  1  4] :	[ 8 22 67 ]
[2  1  4] :	[ 68 28 86 ]
[3  1  4] :	[ 65 58 98 ]
[4  1  4] :	[ 86 86 73 ]
[5  1  4] :	[ 50 94 26 ]
[1  2  4] :	[ 31 51 52 ]
[2  2  4] :	[ 67 73 76 ]
[3  2  4] :	[ 35 96 88 ]
[4  2  4] :	[ 26 36 68 ]
[5  2  4] :	[ 61 40 48 ]
[1  3  4] :	[ 54 63 35 ]
[2  3  4] :	[ 21 93 70 ]
[3  3  4] :	[ 56 37 52 ]
[4  3  4] :	[ 40 30 82 ]
[5  3  4] :	[ 77 85 52 ]
[1  4  4] :	[ 13 33 79 ]
[2  4  4] :	[ 66 17 12 ]
[3  4  4] :	[ 26 29 58 ]
[4  4  4] :	[ 93 47 90 ]
[5  4  4] :	[ 15 32 95 ]
[1  5  4] :	[ 76 94 81 ]
[2  5  4] :	[ 4 76 91 ]
[3  5  4] :	[ 28 61 13 ]
[4  5  4] :	[ 50 71 90 ]
[5  5  4] :	[ 11 77 59 ]
[1  1  5] :	[ 25 32 61 ]
[2  1  5] :	[ 22 16 13 ]
[3  1  5] :	[ 20 84 2 ]
[4  1  5] :	[ 78 59 27 ]
[5  1  5] :	[ 44 14 49 ]
[1  2  5] :	[ 26 1 75 ]
[2  2  5] :	[ 22 16 20 ]
[3  2  5] :	[ 61 13 45 ]
[4  2  5] :	[ 82 83 90 ]
[5  2  5] :	[ 64 86 95 ]
[1  3  5] :	[ 89 83 42 ]
[2  3  5] :	[ 67 84 8 ]
[3  3  5] :	[ 97 36 13 ]
[4  3  5] :	[ 6 39 87 ]
[5  3  5] :	[ 66 85 8 ]
[1  4  5] :	[ 66 95 54 ]
[2  4  5] :	[ 67 54 34 ]
[3  4  5] :	[ 45 96 93 ]
[4  4  5] :	[ 21 80 45 ]
[5  4  5] :	[ 5 43 98 ]
[1  5  5] :	[ 80 47 26 ]
[2  5  5] :	[ 35 69 100 ]
[3  5  5] :	[ 93 1 91 ]
[4  5  5] :	[ 17 25 20 ]
[5  5  5] :	[ 47 40 24 ]
