# Generated by GAMUT v1.0.1
# A Game With Uniformly Random Payoffs
# Game Parameter Values:
# Random seed:	1652188572523
# Cmd Line:	-g RandomGame -players 3 -actions 10 -normalize -min_payoff 0.01 -max_payoff 10 -int_payoffs -int_mult 100 -f RG_multi_3_10_8.txt
# Players:	3
# Actions:	10 10 10
# players:	3
# actions:	[10]
[1  1  1] :	[ 75 622 536 ]
[2  1  1] :	[ 524 893 239 ]
[3  1  1] :	[ 594 303 45 ]
[4  1  1] :	[ 803 208 113 ]
[5  1  1] :	[ 226 657 901 ]
[6  1  1] :	[ 22 448 134 ]
[7  1  1] :	[ 200 155 100 ]
[8  1  1] :	[ 804 7 130 ]
[9  1  1] :	[ 639 690 592 ]
[10  1  1] :	[ 745 125 698 ]
[1  2  1] :	[ 451 640 396 ]
[2  2  1] :	[ 517 509 379 ]
[3  2  1] :	[ 702 873 192 ]
[4  2  1] :	[ 217 67 380 ]
[5  2  1] :	[ 936 875 441 ]
[6  2  1] :	[ 126 604 770 ]
[7  2  1] :	[ 988 827 75 ]
[8  2  1] :	[ 512 466 603 ]
[9  2  1] :	[ 39 928 722 ]
[10  2  1] :	[ 404 609 538 ]
[1  3  1] :	[ 790 674 945 ]
[2  3  1] :	[ 179 922 112 ]
[3  3  1] :	[ 489 442 181 ]
[4  3  1] :	[ 289 783 681 ]
[5  3  1] :	[ 871 413 94 ]
[6  3  1] :	[ 624 196 796 ]
[7  3  1] :	[ 216 24 993 ]
[8  3  1] :	[ 401 899 378 ]
[9  3  1] :	[ 310 412 333 ]
[10  3  1] :	[ 458 890 939 ]
[1  4  1] :	[ 986 306 315 ]
[2  4  1] :	[ 803 870 355 ]
[3  4  1] :	[ 712 865 41 ]
[4  4  1] :	[ 584 411 493 ]
[5  4  1] :	[ 684 929 891 ]
[6  4  1] :	[ 587 681 706 ]
[7  4  1] :	[ 675 45 961 ]
[8  4  1] :	[ 480 571 657 ]
[9  4  1] :	[ 226 606 822 ]
[10  4  1] :	[ 232 904 686 ]
[1  5  1] :	[ 246 149 288 ]
[2  5  1] :	[ 306 439 649 ]
[3  5  1] :	[ 868 702 448 ]
[4  5  1] :	[ 928 783 481 ]
[5  5  1] :	[ 123 468 214 ]
[6  5  1] :	[ 100 501 141 ]
[7  5  1] :	[ 233 587 186 ]
[8  5  1] :	[ 309 341 908 ]
[9  5  1] :	[ 661 514 464 ]
[10  5  1] :	[ 442 866 418 ]
[1  6  1] :	[ 645 276 190 ]
[2  6  1] :	[ 275 79 415 ]
[3  6  1] :	[ 212 619 396 ]
[4  6  1] :	[ 530 160 807 ]
[5  6  1] :	[ 300 603 69 ]
[6  6  1] :	[ 737 771 637 ]
[7  6  1] :	[ 40 343 53 ]
[8  6  1] :	[ 658 847 466 ]
[9  6  1] :	[ 524 362 372 ]
[10  6  1] :	[ 295 417 138 ]
[1  7  1] :	[ 986 866 37 ]
[2  7  1] :	[ 610 72 43 ]
[3  7  1] :	[ 775 550 302 ]
[4  7  1] :	[ 969 743 752 ]
[5  7  1] :	[ 183 277 312 ]
[6  7  1] :	[ 450 643 184 ]
[7  7  1] :	[ 155 931 95 ]
[8  7  1] :	[ 213 697 284 ]
[9  7  1] :	[ 519 467 982 ]
[10  7  1] :	[ 639 571 264 ]
[1  8  1] :	[ 78 819 645 ]
[2  8  1] :	[ 462 93 60 ]
[3  8  1] :	[ 96 10 750 ]
[4  8  1] :	[ 350 558 63 ]
[5  8  1] :	[ 288 973 378 ]
[6  8  1] :	[ 539 98 48 ]
[7  8  1] :	[ 752 117 141 ]
[8  8  1] :	[ 214 26 496 ]
[9  8  1] :	[ 698 109 990 ]
[10  8  1] :	[ 213 379 983 ]
[1  9  1] :	[ 729 412 678 ]
[2  9  1] :	[ 593 726 767 ]
[3  9  1] :	[ 560 506 474 ]
[4  9  1] :	[ 165 696 102 ]
[5  9  1] :	[ 817 871 15 ]
[6  9  1] :	[ 819 597 633 ]
[7  9  1] :	[ 161 681 943 ]
[8  9  1] :	[ 588 311 707 ]
[9  9  1] :	[ 744 886 556 ]
[10  9  1] :	[ 604 411 683 ]
[1  10  1] :	[ 710 49 9 ]
[2  10  1] :	[ 494 974 919 ]
[3  10  1] :	[ 280 966 370 ]
[4  10  1] :	[ 110 824 778 ]
[5  10  1] :	[ 226 914 966 ]
[6  10  1] :	[ 729 274 524 ]
[7  10  1] :	[ 399 98 149 ]
[8  10  1] :	[ 887 768 961 ]
[9  10  1] :	[ 123 16 744 ]
[10  10  1] :	[ 502 964 875 ]
[1  1  2] :	[ 980 320 686 ]
[2  1  2] :	[ 106 605 312 ]
[3  1  2] :	[ 795 222 519 ]
[4  1  2] :	[ 57 341 332 ]
[5  1  2] :	[ 834 495 732 ]
[6  1  2] :	[ 146 248 343 ]
[7  1  2] :	[ 797 758 13 ]
[8  1  2] :	[ 886 24 691 ]
[9  1  2] :	[ 414 727 239 ]
[10  1  2] :	[ 777 377 608 ]
[1  2  2] :	[ 288 705 878 ]
[2  2  2] :	[ 657 373 497 ]
[3  2  2] :	[ 337 256 838 ]
[4  2  2] :	[ 751 69 291 ]
[5  2  2] :	[ 122 207 153 ]
[6  2  2] :	[ 691 491 86 ]
[7  2  2] :	[ 825 42 958 ]
[8  2  2] :	[ 712 557 519 ]
[9  2  2] :	[ 476 98 566 ]
[10  2  2] :	[ 574 100 550 ]
[1  3  2] :	[ 382 588 305 ]
[2  3  2] :	[ 864 450 196 ]
[3  3  2] :	[ 80 346 489 ]
[4  3  2] :	[ 86 709 702 ]
[5  3  2] :	[ 459 871 400 ]
[6  3  2] :	[ 857 554 67 ]
[7  3  2] :	[ 22 873 587 ]
[8  3  2] :	[ 285 284 435 ]
[9  3  2] :	[ 505 504 601 ]
[10  3  2] :	[ 833 539 703 ]
[1  4  2] :	[ 749 965 664 ]
[2  4  2] :	[ 171 178 660 ]
[3  4  2] :	[ 643 541 496 ]
[4  4  2] :	[ 519 900 968 ]
[5  4  2] :	[ 220 575 878 ]
[6  4  2] :	[ 888 346 270 ]
[7  4  2] :	[ 332 498 691 ]
[8  4  2] :	[ 681 209 415 ]
[9  4  2] :	[ 223 411 398 ]
[10  4  2] :	[ 991 812 326 ]
[1  5  2] :	[ 641 396 911 ]
[2  5  2] :	[ 120 323 903 ]
[3  5  2] :	[ 691 735 690 ]
[4  5  2] :	[ 776 80 829 ]
[5  5  2] :	[ 306 765 929 ]
[6  5  2] :	[ 792 164 518 ]
[7  5  2] :	[ 317 315 959 ]
[8  5  2] :	[ 131 570 137 ]
[9  5  2] :	[ 462 664 152 ]
[10  5  2] :	[ 394 812 687 ]
[1  6  2] :	[ 12 957 802 ]
[2  6  2] :	[ 831 311 224 ]
[3  6  2] :	[ 928 870 730 ]
[4  6  2] :	[ 123 42 93 ]
[5  6  2] :	[ 693 492 929 ]
[6  6  2] :	[ 568 937 560 ]
[7  6  2] :	[ 52 461 805 ]
[8  6  2] :	[ 13 986 736 ]
[9  6  2] :	[ 542 4 777 ]
[10  6  2] :	[ 406 643 494 ]
[1  7  2] :	[ 577 14 11 ]
[2  7  2] :	[ 540 440 153 ]
[3  7  2] :	[ 258 491 53 ]
[4  7  2] :	[ 675 12 549 ]
[5  7  2] :	[ 557 677 493 ]
[6  7  2] :	[ 842 321 484 ]
[7  7  2] :	[ 932 986 677 ]
[8  7  2] :	[ 635 637 61 ]
[9  7  2] :	[ 201 302 655 ]
[10  7  2] :	[ 108 45 667 ]
[1  8  2] :	[ 972 504 239 ]
[2  8  2] :	[ 523 197 64 ]
[3  8  2] :	[ 590 789 462 ]
[4  8  2] :	[ 292 46 657 ]
[5  8  2] :	[ 70 980 929 ]
[6  8  2] :	[ 830 68 282 ]
[7  8  2] :	[ 450 672 480 ]
[8  8  2] :	[ 441 315 118 ]
[9  8  2] :	[ 428 599 24 ]
[10  8  2] :	[ 890 732 510 ]
[1  9  2] :	[ 687 873 885 ]
[2  9  2] :	[ 491 776 553 ]
[3  9  2] :	[ 453 686 269 ]
[4  9  2] :	[ 17 114 542 ]
[5  9  2] :	[ 66 369 483 ]
[6  9  2] :	[ 430 379 357 ]
[7  9  2] :	[ 824 497 47 ]
[8  9  2] :	[ 630 573 173 ]
[9  9  2] :	[ 382 342 276 ]
[10  9  2] :	[ 231 169 724 ]
[1  10  2] :	[ 229 936 955 ]
[2  10  2] :	[ 861 608 621 ]
[3  10  2] :	[ 565 144 326 ]
[4  10  2] :	[ 962 104 782 ]
[5  10  2] :	[ 211 351 357 ]
[6  10  2] :	[ 299 355 7 ]
[7  10  2] :	[ 584 189 625 ]
[8  10  2] :	[ 907 191 729 ]
[9  10  2] :	[ 420 174 680 ]
[10  10  2] :	[ 531 718 296 ]
[1  1  3] :	[ 542 548 335 ]
[2  1  3] :	[ 454 498 130 ]
[3  1  3] :	[ 115 248 598 ]
[4  1  3] :	[ 197 448 347 ]
[5  1  3] :	[ 199 763 129 ]
[6  1  3] :	[ 919 775 844 ]
[7  1  3] :	[ 53 219 864 ]
[8  1  3] :	[ 269 679 380 ]
[9  1  3] :	[ 153 4 493 ]
[10  1  3] :	[ 291 899 400 ]
[1  2  3] :	[ 927 391 395 ]
[2  2  3] :	[ 220 333 399 ]
[3  2  3] :	[ 166 349 631 ]
[4  2  3] :	[ 242 949 886 ]
[5  2  3] :	[ 203 923 261 ]
[6  2  3] :	[ 692 448 680 ]
[7  2  3] :	[ 570 534 178 ]
[8  2  3] :	[ 523 616 680 ]
[9  2  3] :	[ 674 188 485 ]
[10  2  3] :	[ 181 817 593 ]
[1  3  3] :	[ 356 90 162 ]
[2  3  3] :	[ 137 732 560 ]
[3  3  3] :	[ 207 553 76 ]
[4  3  3] :	[ 107 407 577 ]
[5  3  3] :	[ 484 316 647 ]
[6  3  3] :	[ 398 971 921 ]
[7  3  3] :	[ 32 698 411 ]
[8  3  3] :	[ 505 809 131 ]
[9  3  3] :	[ 2 21 170 ]
[10  3  3] :	[ 214 363 974 ]
[1  4  3] :	[ 519 984 1000 ]
[2  4  3] :	[ 367 468 202 ]
[3  4  3] :	[ 958 451 496 ]
[4  4  3] :	[ 566 914 923 ]
[5  4  3] :	[ 720 161 836 ]
[6  4  3] :	[ 438 675 338 ]
[7  4  3] :	[ 605 239 348 ]
[8  4  3] :	[ 314 666 224 ]
[9  4  3] :	[ 973 54 876 ]
[10  4  3] :	[ 42 234 410 ]
[1  5  3] :	[ 177 612 620 ]
[2  5  3] :	[ 66 652 59 ]
[3  5  3] :	[ 630 571 786 ]
[4  5  3] :	[ 188 402 639 ]
[5  5  3] :	[ 501 499 147 ]
[6  5  3] :	[ 919 613 211 ]
[7  5  3] :	[ 443 661 907 ]
[8  5  3] :	[ 937 45 37 ]
[9  5  3] :	[ 933 463 384 ]
[10  5  3] :	[ 411 976 524 ]
[1  6  3] :	[ 326 509 371 ]
[2  6  3] :	[ 633 77 257 ]
[3  6  3] :	[ 508 753 367 ]
[4  6  3] :	[ 68 391 73 ]
[5  6  3] :	[ 145 447 600 ]
[6  6  3] :	[ 225 70 127 ]
[7  6  3] :	[ 867 7 34 ]
[8  6  3] :	[ 375 209 132 ]
[9  6  3] :	[ 776 697 811 ]
[10  6  3] :	[ 518 422 979 ]
[1  7  3] :	[ 354 404 442 ]
[2  7  3] :	[ 976 535 912 ]
[3  7  3] :	[ 80 152 883 ]
[4  7  3] :	[ 733 789 125 ]
[5  7  3] :	[ 807 269 571 ]
[6  7  3] :	[ 317 976 931 ]
[7  7  3] :	[ 441 995 809 ]
[8  7  3] :	[ 278 381 565 ]
[9  7  3] :	[ 808 327 280 ]
[10  7  3] :	[ 832 936 690 ]
[1  8  3] :	[ 364 992 64 ]
[2  8  3] :	[ 159 496 222 ]
[3  8  3] :	[ 743 955 594 ]
[4  8  3] :	[ 136 209 178 ]
[5  8  3] :	[ 89 800 588 ]
[6  8  3] :	[ 892 8 654 ]
[7  8  3] :	[ 702 898 797 ]
[8  8  3] :	[ 499 777 466 ]
[9  8  3] :	[ 429 634 582 ]
[10  8  3] :	[ 231 698 342 ]
[1  9  3] :	[ 255 2 864 ]
[2  9  3] :	[ 195 94 435 ]
[3  9  3] :	[ 961 60 148 ]
[4  9  3] :	[ 429 153 254 ]
[5  9  3] :	[ 280 597 502 ]
[6  9  3] :	[ 54 707 367 ]
[7  9  3] :	[ 372 620 726 ]
[8  9  3] :	[ 107 520 465 ]
[9  9  3] :	[ 448 161 563 ]
[10  9  3] :	[ 795 868 831 ]
[1  10  3] :	[ 154 376 555 ]
[2  10  3] :	[ 177 688 147 ]
[3  10  3] :	[ 550 926 755 ]
[4  10  3] :	[ 413 821 951 ]
[5  10  3] :	[ 906 320 753 ]
[6  10  3] :	[ 527 499 266 ]
[7  10  3] :	[ 710 20 524 ]
[8  10  3] :	[ 56 675 748 ]
[9  10  3] :	[ 349 902 309 ]
[10  10  3] :	[ 515 267 805 ]
[1  1  4] :	[ 579 700 581 ]
[2  1  4] :	[ 485 242 858 ]
[3  1  4] :	[ 695 768 93 ]
[4  1  4] :	[ 504 381 270 ]
[5  1  4] :	[ 841 124 906 ]
[6  1  4] :	[ 281 891 475 ]
[7  1  4] :	[ 240 4 121 ]
[8  1  4] :	[ 930 877 665 ]
[9  1  4] :	[ 914 970 146 ]
[10  1  4] :	[ 584 367 905 ]
[1  2  4] :	[ 53 957 577 ]
[2  2  4] :	[ 574 791 12 ]
[3  2  4] :	[ 370 85 65 ]
[4  2  4] :	[ 148 624 600 ]
[5  2  4] :	[ 311 899 635 ]
[6  2  4] :	[ 823 662 837 ]
[7  2  4] :	[ 564 108 274 ]
[8  2  4] :	[ 49 93 30 ]
[9  2  4] :	[ 249 435 861 ]
[10  2  4] :	[ 894 905 884 ]
[1  3  4] :	[ 118 838 622 ]
[2  3  4] :	[ 321 300 163 ]
[3  3  4] :	[ 804 741 916 ]
[4  3  4] :	[ 18 783 592 ]
[5  3  4] :	[ 214 834 630 ]
[6  3  4] :	[ 300 574 732 ]
[7  3  4] :	[ 924 299 492 ]
[8  3  4] :	[ 695 487 662 ]
[9  3  4] :	[ 311 450 974 ]
[10  3  4] :	[ 313 540 858 ]
[1  4  4] :	[ 18 856 763 ]
[2  4  4] :	[ 119 287 229 ]
[3  4  4] :	[ 627 220 425 ]
[4  4  4] :	[ 792 315 909 ]
[5  4  4] :	[ 369 925 294 ]
[6  4  4] :	[ 893 914 915 ]
[7  4  4] :	[ 805 126 735 ]
[8  4  4] :	[ 706 746 804 ]
[9  4  4] :	[ 305 105 149 ]
[10  4  4] :	[ 118 256 140 ]
[1  5  4] :	[ 394 930 786 ]
[2  5  4] :	[ 571 675 256 ]
[3  5  4] :	[ 640 17 4 ]
[4  5  4] :	[ 860 64 763 ]
[5  5  4] :	[ 229 326 864 ]
[6  5  4] :	[ 44 87 662 ]
[7  5  4] :	[ 378 586 351 ]
[8  5  4] :	[ 914 717 189 ]
[9  5  4] :	[ 490 239 142 ]
[10  5  4] :	[ 416 69 612 ]
[1  6  4] :	[ 778 820 347 ]
[2  6  4] :	[ 658 182 694 ]
[3  6  4] :	[ 109 126 473 ]
[4  6  4] :	[ 16 817 127 ]
[5  6  4] :	[ 814 130 583 ]
[6  6  4] :	[ 627 55 717 ]
[7  6  4] :	[ 291 604 256 ]
[8  6  4] :	[ 763 447 918 ]
[9  6  4] :	[ 622 586 985 ]
[10  6  4] :	[ 236 103 420 ]
[1  7  4] :	[ 278 252 552 ]
[2  7  4] :	[ 749 108 78 ]
[3  7  4] :	[ 862 325 175 ]
[4  7  4] :	[ 884 946 787 ]
[5  7  4] :	[ 11 807 778 ]
[6  7  4] :	[ 892 841 686 ]
[7  7  4] :	[ 958 638 16 ]
[8  7  4] :	[ 390 443 964 ]
[9  7  4] :	[ 130 416 123 ]
[10  7  4] :	[ 305 830 902 ]
[1  8  4] :	[ 931 10 627 ]
[2  8  4] :	[ 456 34 494 ]
[3  8  4] :	[ 734 966 431 ]
[4  8  4] :	[ 74 50 123 ]
[5  8  4] :	[ 5 612 964 ]
[6  8  4] :	[ 504 640 464 ]
[7  8  4] :	[ 533 862 556 ]
[8  8  4] :	[ 730 970 779 ]
[9  8  4] :	[ 383 476 83 ]
[10  8  4] :	[ 920 856 438 ]
[1  9  4] :	[ 462 912 209 ]
[2  9  4] :	[ 661 770 333 ]
[3  9  4] :	[ 474 718 439 ]
[4  9  4] :	[ 344 954 400 ]
[5  9  4] :	[ 445 289 51 ]
[6  9  4] :	[ 235 609 948 ]
[7  9  4] :	[ 494 823 34 ]
[8  9  4] :	[ 225 770 689 ]
[9  9  4] :	[ 889 747 201 ]
[10  9  4] :	[ 324 723 222 ]
[1  10  4] :	[ 719 127 903 ]
[2  10  4] :	[ 448 810 202 ]
[3  10  4] :	[ 563 533 525 ]
[4  10  4] :	[ 356 654 238 ]
[5  10  4] :	[ 717 190 319 ]
[6  10  4] :	[ 337 861 850 ]
[7  10  4] :	[ 805 569 918 ]
[8  10  4] :	[ 905 594 32 ]
[9  10  4] :	[ 698 795 225 ]
[10  10  4] :	[ 867 98 469 ]
[1  1  5] :	[ 543 671 410 ]
[2  1  5] :	[ 177 755 390 ]
[3  1  5] :	[ 597 837 717 ]
[4  1  5] :	[ 348 101 44 ]
[5  1  5] :	[ 337 677 243 ]
[6  1  5] :	[ 596 847 646 ]
[7  1  5] :	[ 756 338 960 ]
[8  1  5] :	[ 311 297 251 ]
[9  1  5] :	[ 614 447 94 ]
[10  1  5] :	[ 958 80 940 ]
[1  2  5] :	[ 985 270 704 ]
[2  2  5] :	[ 714 225 921 ]
[3  2  5] :	[ 450 763 372 ]
[4  2  5] :	[ 416 704 58 ]
[5  2  5] :	[ 478 792 528 ]
[6  2  5] :	[ 952 553 114 ]
[7  2  5] :	[ 635 178 17 ]
[8  2  5] :	[ 762 903 703 ]
[9  2  5] :	[ 401 899 175 ]
[10  2  5] :	[ 515 99 23 ]
[1  3  5] :	[ 389 874 370 ]
[2  3  5] :	[ 195 874 683 ]
[3  3  5] :	[ 100 332 744 ]
[4  3  5] :	[ 427 80 954 ]
[5  3  5] :	[ 910 530 658 ]
[6  3  5] :	[ 915 167 121 ]
[7  3  5] :	[ 678 919 185 ]
[8  3  5] :	[ 892 560 100 ]
[9  3  5] :	[ 6 170 210 ]
[10  3  5] :	[ 534 816 388 ]
[1  4  5] :	[ 225 319 357 ]
[2  4  5] :	[ 813 498 774 ]
[3  4  5] :	[ 319 827 908 ]
[4  4  5] :	[ 391 468 18 ]
[5  4  5] :	[ 254 404 37 ]
[6  4  5] :	[ 68 969 209 ]
[7  4  5] :	[ 145 762 423 ]
[8  4  5] :	[ 448 614 400 ]
[9  4  5] :	[ 848 236 557 ]
[10  4  5] :	[ 608 987 880 ]
[1  5  5] :	[ 566 795 583 ]
[2  5  5] :	[ 462 141 520 ]
[3  5  5] :	[ 737 807 245 ]
[4  5  5] :	[ 602 998 699 ]
[5  5  5] :	[ 522 142 720 ]
[6  5  5] :	[ 673 755 511 ]
[7  5  5] :	[ 925 373 619 ]
[8  5  5] :	[ 977 378 233 ]
[9  5  5] :	[ 614 884 66 ]
[10  5  5] :	[ 203 378 194 ]
[1  6  5] :	[ 607 347 215 ]
[2  6  5] :	[ 772 364 407 ]
[3  6  5] :	[ 787 4 217 ]
[4  6  5] :	[ 829 388 204 ]
[5  6  5] :	[ 992 340 121 ]
[6  6  5] :	[ 818 542 897 ]
[7  6  5] :	[ 610 580 330 ]
[8  6  5] :	[ 693 570 651 ]
[9  6  5] :	[ 183 984 675 ]
[10  6  5] :	[ 253 536 668 ]
[1  7  5] :	[ 704 460 127 ]
[2  7  5] :	[ 928 850 628 ]
[3  7  5] :	[ 576 751 414 ]
[4  7  5] :	[ 399 715 808 ]
[5  7  5] :	[ 854 358 831 ]
[6  7  5] :	[ 998 296 169 ]
[7  7  5] :	[ 228 960 173 ]
[8  7  5] :	[ 479 639 964 ]
[9  7  5] :	[ 613 953 41 ]
[10  7  5] :	[ 921 543 556 ]
[1  8  5] :	[ 388 672 298 ]
[2  8  5] :	[ 607 615 339 ]
[3  8  5] :	[ 628 172 19 ]
[4  8  5] :	[ 281 647 97 ]
[5  8  5] :	[ 797 111 212 ]
[6  8  5] :	[ 352 63 321 ]
[7  8  5] :	[ 638 365 176 ]
[8  8  5] :	[ 264 445 744 ]
[9  8  5] :	[ 558 666 53 ]
[10  8  5] :	[ 92 475 358 ]
[1  9  5] :	[ 944 642 477 ]
[2  9  5] :	[ 622 828 72 ]
[3  9  5] :	[ 225 423 807 ]
[4  9  5] :	[ 189 522 779 ]
[5  9  5] :	[ 302 128 202 ]
[6  9  5] :	[ 709 834 325 ]
[7  9  5] :	[ 393 533 297 ]
[8  9  5] :	[ 814 377 750 ]
[9  9  5] :	[ 509 337 904 ]
[10  9  5] :	[ 397 203 324 ]
[1  10  5] :	[ 350 535 542 ]
[2  10  5] :	[ 74 554 525 ]
[3  10  5] :	[ 488 345 521 ]
[4  10  5] :	[ 788 22 160 ]
[5  10  5] :	[ 419 74 323 ]
[6  10  5] :	[ 786 482 634 ]
[7  10  5] :	[ 483 800 474 ]
[8  10  5] :	[ 299 228 607 ]
[9  10  5] :	[ 362 169 436 ]
[10  10  5] :	[ 1 714 541 ]
[1  1  6] :	[ 933 204 126 ]
[2  1  6] :	[ 705 162 284 ]
[3  1  6] :	[ 685 485 867 ]
[4  1  6] :	[ 41 53 706 ]
[5  1  6] :	[ 816 236 284 ]
[6  1  6] :	[ 340 963 511 ]
[7  1  6] :	[ 887 688 158 ]
[8  1  6] :	[ 476 949 841 ]
[9  1  6] :	[ 687 209 404 ]
[10  1  6] :	[ 600 436 854 ]
[1  2  6] :	[ 596 201 487 ]
[2  2  6] :	[ 90 379 460 ]
[3  2  6] :	[ 250 991 917 ]
[4  2  6] :	[ 432 76 211 ]
[5  2  6] :	[ 180 258 419 ]
[6  2  6] :	[ 466 913 653 ]
[7  2  6] :	[ 221 22 505 ]
[8  2  6] :	[ 402 183 257 ]
[9  2  6] :	[ 751 301 979 ]
[10  2  6] :	[ 401 970 225 ]
[1  3  6] :	[ 263 240 338 ]
[2  3  6] :	[ 376 541 902 ]
[3  3  6] :	[ 557 320 591 ]
[4  3  6] :	[ 858 201 123 ]
[5  3  6] :	[ 115 913 150 ]
[6  3  6] :	[ 729 770 264 ]
[7  3  6] :	[ 552 789 526 ]
[8  3  6] :	[ 691 652 242 ]
[9  3  6] :	[ 548 542 641 ]
[10  3  6] :	[ 355 459 473 ]
[1  4  6] :	[ 418 344 865 ]
[2  4  6] :	[ 827 767 382 ]
[3  4  6] :	[ 512 125 999 ]
[4  4  6] :	[ 564 277 406 ]
[5  4  6] :	[ 558 370 500 ]
[6  4  6] :	[ 29 420 255 ]
[7  4  6] :	[ 805 136 382 ]
[8  4  6] :	[ 276 672 176 ]
[9  4  6] :	[ 502 70 499 ]
[10  4  6] :	[ 761 4 78 ]
[1  5  6] :	[ 770 666 948 ]
[2  5  6] :	[ 650 292 953 ]
[3  5  6] :	[ 850 534 115 ]
[4  5  6] :	[ 62 191 310 ]
[5  5  6] :	[ 920 171 498 ]
[6  5  6] :	[ 538 132 332 ]
[7  5  6] :	[ 233 716 975 ]
[8  5  6] :	[ 657 248 698 ]
[9  5  6] :	[ 1 304 983 ]
[10  5  6] :	[ 847 379 162 ]
[1  6  6] :	[ 893 57 350 ]
[2  6  6] :	[ 863 805 749 ]
[3  6  6] :	[ 846 231 55 ]
[4  6  6] :	[ 73 178 342 ]
[5  6  6] :	[ 284 855 118 ]
[6  6  6] :	[ 119 692 279 ]
[7  6  6] :	[ 420 805 446 ]
[8  6  6] :	[ 884 33 686 ]
[9  6  6] :	[ 641 245 839 ]
[10  6  6] :	[ 194 910 597 ]
[1  7  6] :	[ 720 845 325 ]
[2  7  6] :	[ 758 173 537 ]
[3  7  6] :	[ 723 928 485 ]
[4  7  6] :	[ 392 956 339 ]
[5  7  6] :	[ 697 672 854 ]
[6  7  6] :	[ 251 172 306 ]
[7  7  6] :	[ 886 524 650 ]
[8  7  6] :	[ 203 600 817 ]
[9  7  6] :	[ 57 849 932 ]
[10  7  6] :	[ 515 180 642 ]
[1  8  6] :	[ 374 611 584 ]
[2  8  6] :	[ 47 821 135 ]
[3  8  6] :	[ 746 935 633 ]
[4  8  6] :	[ 176 479 383 ]
[5  8  6] :	[ 89 200 148 ]
[6  8  6] :	[ 843 918 142 ]
[7  8  6] :	[ 51 787 76 ]
[8  8  6] :	[ 720 615 879 ]
[9  8  6] :	[ 250 504 731 ]
[10  8  6] :	[ 258 850 565 ]
[1  9  6] :	[ 622 750 380 ]
[2  9  6] :	[ 906 152 684 ]
[3  9  6] :	[ 202 502 360 ]
[4  9  6] :	[ 527 609 458 ]
[5  9  6] :	[ 307 722 59 ]
[6  9  6] :	[ 730 45 988 ]
[7  9  6] :	[ 190 846 608 ]
[8  9  6] :	[ 782 920 322 ]
[9  9  6] :	[ 478 843 538 ]
[10  9  6] :	[ 764 873 482 ]
[1  10  6] :	[ 213 215 548 ]
[2  10  6] :	[ 803 733 934 ]
[3  10  6] :	[ 566 131 635 ]
[4  10  6] :	[ 639 584 695 ]
[5  10  6] :	[ 65 231 818 ]
[6  10  6] :	[ 91 894 131 ]
[7  10  6] :	[ 750 80 601 ]
[8  10  6] :	[ 686 46 81 ]
[9  10  6] :	[ 415 529 900 ]
[10  10  6] :	[ 85 18 386 ]
[1  1  7] :	[ 210 776 913 ]
[2  1  7] :	[ 598 565 405 ]
[3  1  7] :	[ 179 537 19 ]
[4  1  7] :	[ 259 923 163 ]
[5  1  7] :	[ 13 678 213 ]
[6  1  7] :	[ 217 629 184 ]
[7  1  7] :	[ 657 916 536 ]
[8  1  7] :	[ 693 58 578 ]
[9  1  7] :	[ 635 711 807 ]
[10  1  7] :	[ 278 408 139 ]
[1  2  7] :	[ 730 530 411 ]
[2  2  7] :	[ 554 146 962 ]
[3  2  7] :	[ 185 851 789 ]
[4  2  7] :	[ 160 97 727 ]
[5  2  7] :	[ 50 138 264 ]
[6  2  7] :	[ 761 756 422 ]
[7  2  7] :	[ 779 813 297 ]
[8  2  7] :	[ 333 889 5 ]
[9  2  7] :	[ 457 858 675 ]
[10  2  7] :	[ 841 768 477 ]
[1  3  7] :	[ 22 903 529 ]
[2  3  7] :	[ 367 365 107 ]
[3  3  7] :	[ 892 722 762 ]
[4  3  7] :	[ 764 598 303 ]
[5  3  7] :	[ 369 508 977 ]
[6  3  7] :	[ 940 225 720 ]
[7  3  7] :	[ 843 410 635 ]
[8  3  7] :	[ 246 758 39 ]
[9  3  7] :	[ 75 51 944 ]
[10  3  7] :	[ 370 714 950 ]
[1  4  7] :	[ 809 499 123 ]
[2  4  7] :	[ 704 657 981 ]
[3  4  7] :	[ 703 583 649 ]
[4  4  7] :	[ 762 676 970 ]
[5  4  7] :	[ 496 236 229 ]
[6  4  7] :	[ 686 685 373 ]
[7  4  7] :	[ 551 515 266 ]
[8  4  7] :	[ 819 42 815 ]
[9  4  7] :	[ 336 32 946 ]
[10  4  7] :	[ 232 434 796 ]
[1  5  7] :	[ 13 233 953 ]
[2  5  7] :	[ 921 575 619 ]
[3  5  7] :	[ 569 509 586 ]
[4  5  7] :	[ 209 410 985 ]
[5  5  7] :	[ 764 631 359 ]
[6  5  7] :	[ 949 984 485 ]
[7  5  7] :	[ 469 33 410 ]
[8  5  7] :	[ 228 912 134 ]
[9  5  7] :	[ 729 759 283 ]
[10  5  7] :	[ 822 999 66 ]
[1  6  7] :	[ 365 240 262 ]
[2  6  7] :	[ 264 652 509 ]
[3  6  7] :	[ 101 36 10 ]
[4  6  7] :	[ 538 724 762 ]
[5  6  7] :	[ 900 118 13 ]
[6  6  7] :	[ 621 443 368 ]
[7  6  7] :	[ 199 555 480 ]
[8  6  7] :	[ 920 483 260 ]
[9  6  7] :	[ 462 705 962 ]
[10  6  7] :	[ 325 664 865 ]
[1  7  7] :	[ 690 193 718 ]
[2  7  7] :	[ 61 547 906 ]
[3  7  7] :	[ 955 463 900 ]
[4  7  7] :	[ 479 337 751 ]
[5  7  7] :	[ 662 296 55 ]
[6  7  7] :	[ 761 484 163 ]
[7  7  7] :	[ 18 807 283 ]
[8  7  7] :	[ 513 520 303 ]
[9  7  7] :	[ 207 774 344 ]
[10  7  7] :	[ 24 445 117 ]
[1  8  7] :	[ 467 231 986 ]
[2  8  7] :	[ 633 276 955 ]
[3  8  7] :	[ 563 475 931 ]
[4  8  7] :	[ 903 524 670 ]
[5  8  7] :	[ 94 825 304 ]
[6  8  7] :	[ 112 750 690 ]
[7  8  7] :	[ 506 700 259 ]
[8  8  7] :	[ 677 334 726 ]
[9  8  7] :	[ 89 838 276 ]
[10  8  7] :	[ 380 929 238 ]
[1  9  7] :	[ 474 691 955 ]
[2  9  7] :	[ 540 182 289 ]
[3  9  7] :	[ 136 291 82 ]
[4  9  7] :	[ 146 332 608 ]
[5  9  7] :	[ 995 847 843 ]
[6  9  7] :	[ 572 691 986 ]
[7  9  7] :	[ 789 409 103 ]
[8  9  7] :	[ 32 377 449 ]
[9  9  7] :	[ 228 346 675 ]
[10  9  7] :	[ 927 387 87 ]
[1  10  7] :	[ 983 921 344 ]
[2  10  7] :	[ 409 275 129 ]
[3  10  7] :	[ 956 701 476 ]
[4  10  7] :	[ 690 669 622 ]
[5  10  7] :	[ 518 7 181 ]
[6  10  7] :	[ 335 232 335 ]
[7  10  7] :	[ 31 640 125 ]
[8  10  7] :	[ 949 686 691 ]
[9  10  7] :	[ 16 855 960 ]
[10  10  7] :	[ 599 300 333 ]
[1  1  8] :	[ 235 490 370 ]
[2  1  8] :	[ 100 998 534 ]
[3  1  8] :	[ 313 488 682 ]
[4  1  8] :	[ 52 561 862 ]
[5  1  8] :	[ 646 36 620 ]
[6  1  8] :	[ 418 417 359 ]
[7  1  8] :	[ 324 639 979 ]
[8  1  8] :	[ 465 354 926 ]
[9  1  8] :	[ 980 574 883 ]
[10  1  8] :	[ 350 234 319 ]
[1  2  8] :	[ 311 50 761 ]
[2  2  8] :	[ 211 997 519 ]
[3  2  8] :	[ 931 580 800 ]
[4  2  8] :	[ 932 985 423 ]
[5  2  8] :	[ 14 684 311 ]
[6  2  8] :	[ 119 965 533 ]
[7  2  8] :	[ 378 115 173 ]
[8  2  8] :	[ 78 160 496 ]
[9  2  8] :	[ 435 834 213 ]
[10  2  8] :	[ 824 640 820 ]
[1  3  8] :	[ 305 735 429 ]
[2  3  8] :	[ 409 651 596 ]
[3  3  8] :	[ 18 162 344 ]
[4  3  8] :	[ 909 673 525 ]
[5  3  8] :	[ 554 298 320 ]
[6  3  8] :	[ 539 399 608 ]
[7  3  8] :	[ 741 166 196 ]
[8  3  8] :	[ 82 646 469 ]
[9  3  8] :	[ 952 636 678 ]
[10  3  8] :	[ 606 551 953 ]
[1  4  8] :	[ 40 539 71 ]
[2  4  8] :	[ 508 38 448 ]
[3  4  8] :	[ 82 654 283 ]
[4  4  8] :	[ 24 551 582 ]
[5  4  8] :	[ 675 265 202 ]
[6  4  8] :	[ 318 596 895 ]
[7  4  8] :	[ 802 907 915 ]
[8  4  8] :	[ 234 839 597 ]
[9  4  8] :	[ 500 242 515 ]
[10  4  8] :	[ 129 976 407 ]
[1  5  8] :	[ 780 231 315 ]
[2  5  8] :	[ 376 409 15 ]
[3  5  8] :	[ 734 524 718 ]
[4  5  8] :	[ 252 39 131 ]
[5  5  8] :	[ 624 456 214 ]
[6  5  8] :	[ 503 174 285 ]
[7  5  8] :	[ 600 137 535 ]
[8  5  8] :	[ 1 406 1000 ]
[9  5  8] :	[ 731 667 709 ]
[10  5  8] :	[ 86 63 282 ]
[1  6  8] :	[ 281 693 244 ]
[2  6  8] :	[ 310 813 256 ]
[3  6  8] :	[ 773 887 114 ]
[4  6  8] :	[ 179 957 553 ]
[5  6  8] :	[ 878 811 304 ]
[6  6  8] :	[ 534 473 622 ]
[7  6  8] :	[ 705 421 992 ]
[8  6  8] :	[ 655 947 614 ]
[9  6  8] :	[ 502 561 620 ]
[10  6  8] :	[ 36 34 847 ]
[1  7  8] :	[ 399 442 343 ]
[2  7  8] :	[ 510 23 105 ]
[3  7  8] :	[ 888 865 26 ]
[4  7  8] :	[ 793 821 252 ]
[5  7  8] :	[ 430 713 939 ]
[6  7  8] :	[ 215 151 561 ]
[7  7  8] :	[ 760 966 834 ]
[8  7  8] :	[ 868 852 172 ]
[9  7  8] :	[ 192 621 527 ]
[10  7  8] :	[ 589 705 507 ]
[1  8  8] :	[ 855 672 692 ]
[2  8  8] :	[ 217 682 42 ]
[3  8  8] :	[ 377 925 35 ]
[4  8  8] :	[ 610 541 479 ]
[5  8  8] :	[ 841 243 747 ]
[6  8  8] :	[ 823 360 83 ]
[7  8  8] :	[ 947 877 121 ]
[8  8  8] :	[ 16 459 446 ]
[9  8  8] :	[ 438 331 943 ]
[10  8  8] :	[ 708 763 318 ]
[1  9  8] :	[ 6 505 241 ]
[2  9  8] :	[ 403 501 950 ]
[3  9  8] :	[ 829 421 423 ]
[4  9  8] :	[ 851 279 826 ]
[5  9  8] :	[ 534 53 45 ]
[6  9  8] :	[ 932 494 97 ]
[7  9  8] :	[ 972 772 351 ]
[8  9  8] :	[ 510 189 813 ]
[9  9  8] :	[ 650 656 201 ]
[10  9  8] :	[ 523 358 288 ]
[1  10  8] :	[ 618 787 987 ]
[2  10  8] :	[ 896 275 227 ]
[3  10  8] :	[ 59 445 802 ]
[4  10  8] :	[ 771 72 368 ]
[5  10  8] :	[ 812 234 656 ]
[6  10  8] :	[ 519 981 236 ]
[7  10  8] :	[ 480 318 257 ]
[8  10  8] :	[ 521 799 530 ]
[9  10  8] :	[ 298 640 207 ]
[10  10  8] :	[ 936 48 976 ]
[1  1  9] :	[ 293 656 42 ]
[2  1  9] :	[ 324 425 54 ]
[3  1  9] :	[ 636 565 797 ]
[4  1  9] :	[ 935 839 513 ]
[5  1  9] :	[ 215 245 881 ]
[6  1  9] :	[ 650 837 567 ]
[7  1  9] :	[ 921 329 233 ]
[8  1  9] :	[ 532 543 972 ]
[9  1  9] :	[ 664 645 836 ]
[10  1  9] :	[ 946 470 167 ]
[1  2  9] :	[ 851 84 774 ]
[2  2  9] :	[ 404 202 287 ]
[3  2  9] :	[ 538 179 414 ]
[4  2  9] :	[ 224 127 315 ]
[5  2  9] :	[ 377 917 155 ]
[6  2  9] :	[ 661 929 941 ]
[7  2  9] :	[ 375 606 154 ]
[8  2  9] :	[ 5 749 986 ]
[9  2  9] :	[ 454 944 651 ]
[10  2  9] :	[ 48 850 522 ]
[1  3  9] :	[ 376 424 216 ]
[2  3  9] :	[ 989 706 79 ]
[3  3  9] :	[ 395 59 351 ]
[4  3  9] :	[ 865 194 789 ]
[5  3  9] :	[ 463 603 287 ]
[6  3  9] :	[ 905 293 591 ]
[7  3  9] :	[ 975 236 277 ]
[8  3  9] :	[ 51 528 290 ]
[9  3  9] :	[ 490 322 615 ]
[10  3  9] :	[ 449 457 520 ]
[1  4  9] :	[ 905 931 774 ]
[2  4  9] :	[ 986 490 421 ]
[3  4  9] :	[ 844 99 221 ]
[4  4  9] :	[ 277 321 915 ]
[5  4  9] :	[ 376 268 508 ]
[6  4  9] :	[ 678 355 97 ]
[7  4  9] :	[ 64 430 259 ]
[8  4  9] :	[ 381 849 859 ]
[9  4  9] :	[ 249 308 627 ]
[10  4  9] :	[ 22 597 966 ]
[1  5  9] :	[ 670 775 188 ]
[2  5  9] :	[ 181 979 587 ]
[3  5  9] :	[ 25 770 6 ]
[4  5  9] :	[ 908 998 330 ]
[5  5  9] :	[ 209 410 752 ]
[6  5  9] :	[ 989 775 240 ]
[7  5  9] :	[ 12 122 118 ]
[8  5  9] :	[ 876 127 649 ]
[9  5  9] :	[ 536 318 918 ]
[10  5  9] :	[ 396 541 97 ]
[1  6  9] :	[ 120 960 924 ]
[2  6  9] :	[ 60 868 653 ]
[3  6  9] :	[ 587 922 695 ]
[4  6  9] :	[ 430 540 392 ]
[5  6  9] :	[ 437 94 202 ]
[6  6  9] :	[ 27 332 747 ]
[7  6  9] :	[ 370 43 313 ]
[8  6  9] :	[ 160 757 61 ]
[9  6  9] :	[ 168 697 18 ]
[10  6  9] :	[ 77 831 468 ]
[1  7  9] :	[ 568 31 500 ]
[2  7  9] :	[ 650 303 3 ]
[3  7  9] :	[ 699 282 528 ]
[4  7  9] :	[ 401 652 375 ]
[5  7  9] :	[ 38 540 553 ]
[6  7  9] :	[ 923 284 605 ]
[7  7  9] :	[ 418 194 19 ]
[8  7  9] :	[ 366 175 751 ]
[9  7  9] :	[ 621 927 602 ]
[10  7  9] :	[ 774 543 438 ]
[1  8  9] :	[ 518 625 996 ]
[2  8  9] :	[ 972 356 37 ]
[3  8  9] :	[ 994 712 879 ]
[4  8  9] :	[ 974 382 159 ]
[5  8  9] :	[ 343 993 305 ]
[6  8  9] :	[ 350 842 885 ]
[7  8  9] :	[ 859 963 929 ]
[8  8  9] :	[ 493 345 734 ]
[9  8  9] :	[ 853 844 618 ]
[10  8  9] :	[ 860 918 181 ]
[1  9  9] :	[ 525 890 542 ]
[2  9  9] :	[ 28 313 178 ]
[3  9  9] :	[ 552 166 189 ]
[4  9  9] :	[ 126 153 294 ]
[5  9  9] :	[ 935 302 772 ]
[6  9  9] :	[ 172 573 996 ]
[7  9  9] :	[ 693 257 624 ]
[8  9  9] :	[ 967 976 203 ]
[9  9  9] :	[ 397 896 673 ]
[10  9  9] :	[ 97 113 567 ]
[1  10  9] :	[ 763 975 380 ]
[2  10  9] :	[ 894 539 3 ]
[3  10  9] :	[ 704 703 403 ]
[4  10  9] :	[ 651 240 609 ]
[5  10  9] :	[ 173 386 988 ]
[6  10  9] :	[ 419 13 631 ]
[7  10  9] :	[ 967 237 63 ]
[8  10  9] :	[ 259 690 850 ]
[9  10  9] :	[ 689 435 431 ]
[10  10  9] :	[ 46 15 432 ]
[1  1  10] :	[ 360 207 79 ]
[2  1  10] :	[ 932 620 921 ]
[3  1  10] :	[ 514 411 799 ]
[4  1  10] :	[ 345 123 445 ]
[5  1  10] :	[ 61 800 104 ]
[6  1  10] :	[ 149 419 335 ]
[7  1  10] :	[ 970 502 218 ]
[8  1  10] :	[ 76 391 46 ]
[9  1  10] :	[ 952 773 291 ]
[10  1  10] :	[ 240 932 294 ]
[1  2  10] :	[ 541 836 188 ]
[2  2  10] :	[ 771 486 749 ]
[3  2  10] :	[ 191 736 383 ]
[4  2  10] :	[ 260 666 839 ]
[5  2  10] :	[ 524 861 782 ]
[6  2  10] :	[ 717 477 668 ]
[7  2  10] :	[ 491 115 393 ]
[8  2  10] :	[ 165 635 676 ]
[9  2  10] :	[ 769 946 715 ]
[10  2  10] :	[ 651 422 259 ]
[1  3  10] :	[ 901 397 680 ]
[2  3  10] :	[ 411 935 712 ]
[3  3  10] :	[ 929 508 66 ]
[4  3  10] :	[ 936 769 572 ]
[5  3  10] :	[ 63 294 968 ]
[6  3  10] :	[ 839 653 96 ]
[7  3  10] :	[ 302 889 414 ]
[8  3  10] :	[ 318 141 330 ]
[9  3  10] :	[ 317 515 362 ]
[10  3  10] :	[ 950 564 212 ]
[1  4  10] :	[ 717 614 376 ]
[2  4  10] :	[ 726 358 678 ]
[3  4  10] :	[ 633 822 558 ]
[4  4  10] :	[ 381 84 738 ]
[5  4  10] :	[ 46 492 933 ]
[6  4  10] :	[ 887 570 473 ]
[7  4  10] :	[ 195 998 416 ]
[8  4  10] :	[ 546 150 506 ]
[9  4  10] :	[ 690 369 616 ]
[10  4  10] :	[ 803 75 451 ]
[1  5  10] :	[ 486 321 629 ]
[2  5  10] :	[ 60 212 492 ]
[3  5  10] :	[ 979 126 440 ]
[4  5  10] :	[ 369 867 587 ]
[5  5  10] :	[ 44 8 631 ]
[6  5  10] :	[ 657 151 812 ]
[7  5  10] :	[ 640 773 606 ]
[8  5  10] :	[ 655 96 334 ]
[9  5  10] :	[ 476 993 901 ]
[10  5  10] :	[ 902 860 140 ]
[1  6  10] :	[ 473 234 243 ]
[2  6  10] :	[ 543 505 372 ]
[3  6  10] :	[ 113 221 657 ]
[4  6  10] :	[ 17 330 468 ]
[5  6  10] :	[ 86 604 41 ]
[6  6  10] :	[ 555 529 810 ]
[7  6  10] :	[ 519 461 391 ]
[8  6  10] :	[ 696 413 566 ]
[9  6  10] :	[ 914 343 293 ]
[10  6  10] :	[ 856 30 626 ]
[1  7  10] :	[ 312 426 950 ]
[2  7  10] :	[ 713 992 962 ]
[3  7  10] :	[ 910 1000 904 ]
[4  7  10] :	[ 475 697 434 ]
[5  7  10] :	[ 21 718 814 ]
[6  7  10] :	[ 621 61 664 ]
[7  7  10] :	[ 127 660 20 ]
[8  7  10] :	[ 877 886 405 ]
[9  7  10] :	[ 375 849 843 ]
[10  7  10] :	[ 729 186 184 ]
[1  8  10] :	[ 990 403 390 ]
[2  8  10] :	[ 25 149 424 ]
[3  8  10] :	[ 161 251 204 ]
[4  8  10] :	[ 956 68 826 ]
[5  8  10] :	[ 327 589 164 ]
[6  8  10] :	[ 78 908 253 ]
[7  8  10] :	[ 820 880 238 ]
[8  8  10] :	[ 1 304 439 ]
[9  8  10] :	[ 238 799 639 ]
[10  8  10] :	[ 838 610 642 ]
[1  9  10] :	[ 231 588 868 ]
[2  9  10] :	[ 588 132 174 ]
[3  9  10] :	[ 626 759 565 ]
[4  9  10] :	[ 984 366 966 ]
[5  9  10] :	[ 514 83 679 ]
[6  9  10] :	[ 366 778 997 ]
[7  9  10] :	[ 620 492 856 ]
[8  9  10] :	[ 49 396 75 ]
[9  9  10] :	[ 447 810 62 ]
[10  9  10] :	[ 279 137 933 ]
[1  10  10] :	[ 309 405 57 ]
[2  10  10] :	[ 953 681 614 ]
[3  10  10] :	[ 909 648 776 ]
[4  10  10] :	[ 961 784 207 ]
[5  10  10] :	[ 71 861 614 ]
[6  10  10] :	[ 761 21 130 ]
[7  10  10] :	[ 931 798 990 ]
[8  10  10] :	[ 921 868 598 ]
[9  10  10] :	[ 397 184 940 ]
[10  10  10] :	[ 123 172 768 ]
