# Generated by GAMUT v1.0.1
# A Game With Uniformly Random Payoffs
# Game Parameter Values:
# Random seed:	1652188567361
# Cmd Line:	-g RandomGame -players 3 -actions 10 -normalize -min_payoff 0.01 -max_payoff 10 -int_payoffs -int_mult 100 -f RG_multi_3_10_6.txt
# Players:	3
# Actions:	10 10 10
# players:	3
# actions:	[10]
[1  1  1] :	[ 904 658 4 ]
[2  1  1] :	[ 305 964 234 ]
[3  1  1] :	[ 10 512 659 ]
[4  1  1] :	[ 365 181 996 ]
[5  1  1] :	[ 674 704 272 ]
[6  1  1] :	[ 845 758 703 ]
[7  1  1] :	[ 826 785 200 ]
[8  1  1] :	[ 79 222 627 ]
[9  1  1] :	[ 74 503 755 ]
[10  1  1] :	[ 881 119 88 ]
[1  2  1] :	[ 569 54 419 ]
[2  2  1] :	[ 584 1 54 ]
[3  2  1] :	[ 488 977 270 ]
[4  2  1] :	[ 13 972 369 ]
[5  2  1] :	[ 547 553 961 ]
[6  2  1] :	[ 574 132 230 ]
[7  2  1] :	[ 796 888 841 ]
[8  2  1] :	[ 411 351 859 ]
[9  2  1] :	[ 728 340 993 ]
[10  2  1] :	[ 704 973 527 ]
[1  3  1] :	[ 807 208 79 ]
[2  3  1] :	[ 870 240 582 ]
[3  3  1] :	[ 548 117 974 ]
[4  3  1] :	[ 742 819 382 ]
[5  3  1] :	[ 745 936 622 ]
[6  3  1] :	[ 414 800 447 ]
[7  3  1] :	[ 788 255 874 ]
[8  3  1] :	[ 358 261 716 ]
[9  3  1] :	[ 879 3 269 ]
[10  3  1] :	[ 841 993 786 ]
[1  4  1] :	[ 574 154 470 ]
[2  4  1] :	[ 493 328 3 ]
[3  4  1] :	[ 269 110 275 ]
[4  4  1] :	[ 800 591 410 ]
[5  4  1] :	[ 955 246 465 ]
[6  4  1] :	[ 257 144 952 ]
[7  4  1] :	[ 836 655 961 ]
[8  4  1] :	[ 951 996 70 ]
[9  4  1] :	[ 930 746 794 ]
[10  4  1] :	[ 431 862 440 ]
[1  5  1] :	[ 764 526 553 ]
[2  5  1] :	[ 425 241 229 ]
[3  5  1] :	[ 171 863 536 ]
[4  5  1] :	[ 83 682 900 ]
[5  5  1] :	[ 469 312 836 ]
[6  5  1] :	[ 145 901 231 ]
[7  5  1] :	[ 17 456 425 ]
[8  5  1] :	[ 394 763 481 ]
[9  5  1] :	[ 52 521 853 ]
[10  5  1] :	[ 721 530 419 ]
[1  6  1] :	[ 639 114 939 ]
[2  6  1] :	[ 644 774 254 ]
[3  6  1] :	[ 339 631 507 ]
[4  6  1] :	[ 399 531 349 ]
[5  6  1] :	[ 543 381 437 ]
[6  6  1] :	[ 355 805 360 ]
[7  6  1] :	[ 246 250 527 ]
[8  6  1] :	[ 119 193 160 ]
[9  6  1] :	[ 824 273 778 ]
[10  6  1] :	[ 834 236 326 ]
[1  7  1] :	[ 307 345 793 ]
[2  7  1] :	[ 968 870 208 ]
[3  7  1] :	[ 818 418 246 ]
[4  7  1] :	[ 899 39 866 ]
[5  7  1] :	[ 787 396 569 ]
[6  7  1] :	[ 287 9 390 ]
[7  7  1] :	[ 950 989 516 ]
[8  7  1] :	[ 222 823 264 ]
[9  7  1] :	[ 833 436 671 ]
[10  7  1] :	[ 413 962 105 ]
[1  8  1] :	[ 776 255 748 ]
[2  8  1] :	[ 691 765 922 ]
[3  8  1] :	[ 648 288 81 ]
[4  8  1] :	[ 407 129 529 ]
[5  8  1] :	[ 279 837 712 ]
[6  8  1] :	[ 323 319 911 ]
[7  8  1] :	[ 632 840 929 ]
[8  8  1] :	[ 268 194 853 ]
[9  8  1] :	[ 639 826 156 ]
[10  8  1] :	[ 621 360 277 ]
[1  9  1] :	[ 903 991 186 ]
[2  9  1] :	[ 8 740 286 ]
[3  9  1] :	[ 692 674 372 ]
[4  9  1] :	[ 856 128 535 ]
[5  9  1] :	[ 521 872 797 ]
[6  9  1] :	[ 464 675 56 ]
[7  9  1] :	[ 365 218 164 ]
[8  9  1] :	[ 565 28 153 ]
[9  9  1] :	[ 124 172 265 ]
[10  9  1] :	[ 87 398 219 ]
[1  10  1] :	[ 354 421 121 ]
[2  10  1] :	[ 551 994 932 ]
[3  10  1] :	[ 551 803 94 ]
[4  10  1] :	[ 892 670 944 ]
[5  10  1] :	[ 281 295 246 ]
[6  10  1] :	[ 944 731 994 ]
[7  10  1] :	[ 335 810 695 ]
[8  10  1] :	[ 511 624 989 ]
[9  10  1] :	[ 489 138 661 ]
[10  10  1] :	[ 313 772 653 ]
[1  1  2] :	[ 766 272 655 ]
[2  1  2] :	[ 720 313 336 ]
[3  1  2] :	[ 570 513 195 ]
[4  1  2] :	[ 510 822 666 ]
[5  1  2] :	[ 468 44 478 ]
[6  1  2] :	[ 967 596 484 ]
[7  1  2] :	[ 541 525 228 ]
[8  1  2] :	[ 809 382 350 ]
[9  1  2] :	[ 171 469 69 ]
[10  1  2] :	[ 334 61 541 ]
[1  2  2] :	[ 488 690 244 ]
[2  2  2] :	[ 46 182 754 ]
[3  2  2] :	[ 560 734 414 ]
[4  2  2] :	[ 927 40 260 ]
[5  2  2] :	[ 245 211 16 ]
[6  2  2] :	[ 763 368 470 ]
[7  2  2] :	[ 759 267 13 ]
[8  2  2] :	[ 29 596 248 ]
[9  2  2] :	[ 492 720 352 ]
[10  2  2] :	[ 921 861 796 ]
[1  3  2] :	[ 130 529 718 ]
[2  3  2] :	[ 400 643 964 ]
[3  3  2] :	[ 402 447 787 ]
[4  3  2] :	[ 554 697 826 ]
[5  3  2] :	[ 683 748 696 ]
[6  3  2] :	[ 813 151 724 ]
[7  3  2] :	[ 656 474 495 ]
[8  3  2] :	[ 660 515 605 ]
[9  3  2] :	[ 474 513 244 ]
[10  3  2] :	[ 454 588 688 ]
[1  4  2] :	[ 361 92 119 ]
[2  4  2] :	[ 891 720 757 ]
[3  4  2] :	[ 901 790 209 ]
[4  4  2] :	[ 954 471 872 ]
[5  4  2] :	[ 42 389 52 ]
[6  4  2] :	[ 997 164 31 ]
[7  4  2] :	[ 823 724 707 ]
[8  4  2] :	[ 753 59 433 ]
[9  4  2] :	[ 499 995 19 ]
[10  4  2] :	[ 643 423 898 ]
[1  5  2] :	[ 911 665 785 ]
[2  5  2] :	[ 137 869 954 ]
[3  5  2] :	[ 928 487 639 ]
[4  5  2] :	[ 64 55 797 ]
[5  5  2] :	[ 597 121 559 ]
[6  5  2] :	[ 609 780 114 ]
[7  5  2] :	[ 235 151 863 ]
[8  5  2] :	[ 130 393 792 ]
[9  5  2] :	[ 386 821 262 ]
[10  5  2] :	[ 351 98 49 ]
[1  6  2] :	[ 40 831 956 ]
[2  6  2] :	[ 668 636 258 ]
[3  6  2] :	[ 206 793 425 ]
[4  6  2] :	[ 299 959 791 ]
[5  6  2] :	[ 328 256 869 ]
[6  6  2] :	[ 429 138 843 ]
[7  6  2] :	[ 816 283 284 ]
[8  6  2] :	[ 877 3 542 ]
[9  6  2] :	[ 190 643 509 ]
[10  6  2] :	[ 826 943 240 ]
[1  7  2] :	[ 115 476 244 ]
[2  7  2] :	[ 635 200 59 ]
[3  7  2] :	[ 523 529 587 ]
[4  7  2] :	[ 504 666 367 ]
[5  7  2] :	[ 497 366 986 ]
[6  7  2] :	[ 5 164 215 ]
[7  7  2] :	[ 978 603 286 ]
[8  7  2] :	[ 11 919 291 ]
[9  7  2] :	[ 151 686 527 ]
[10  7  2] :	[ 35 243 788 ]
[1  8  2] :	[ 784 913 99 ]
[2  8  2] :	[ 224 481 712 ]
[3  8  2] :	[ 449 617 228 ]
[4  8  2] :	[ 337 999 734 ]
[5  8  2] :	[ 456 60 726 ]
[6  8  2] :	[ 770 429 999 ]
[7  8  2] :	[ 246 23 377 ]
[8  8  2] :	[ 600 612 629 ]
[9  8  2] :	[ 674 49 905 ]
[10  8  2] :	[ 575 387 725 ]
[1  9  2] :	[ 106 183 632 ]
[2  9  2] :	[ 816 34 607 ]
[3  9  2] :	[ 910 155 581 ]
[4  9  2] :	[ 660 21 217 ]
[5  9  2] :	[ 95 462 168 ]
[6  9  2] :	[ 926 505 994 ]
[7  9  2] :	[ 639 613 716 ]
[8  9  2] :	[ 620 766 37 ]
[9  9  2] :	[ 875 35 949 ]
[10  9  2] :	[ 828 328 909 ]
[1  10  2] :	[ 154 108 500 ]
[2  10  2] :	[ 692 694 348 ]
[3  10  2] :	[ 445 678 59 ]
[4  10  2] :	[ 666 533 417 ]
[5  10  2] :	[ 230 919 602 ]
[6  10  2] :	[ 22 220 922 ]
[7  10  2] :	[ 883 732 552 ]
[8  10  2] :	[ 28 227 332 ]
[9  10  2] :	[ 999 157 426 ]
[10  10  2] :	[ 695 204 31 ]
[1  1  3] :	[ 967 728 709 ]
[2  1  3] :	[ 73 135 503 ]
[3  1  3] :	[ 543 883 226 ]
[4  1  3] :	[ 184 738 724 ]
[5  1  3] :	[ 540 650 57 ]
[6  1  3] :	[ 735 955 388 ]
[7  1  3] :	[ 797 894 152 ]
[8  1  3] :	[ 310 691 873 ]
[9  1  3] :	[ 939 636 884 ]
[10  1  3] :	[ 31 757 885 ]
[1  2  3] :	[ 400 738 123 ]
[2  2  3] :	[ 317 785 108 ]
[3  2  3] :	[ 706 877 374 ]
[4  2  3] :	[ 24 730 791 ]
[5  2  3] :	[ 200 6 623 ]
[6  2  3] :	[ 526 647 79 ]
[7  2  3] :	[ 202 694 825 ]
[8  2  3] :	[ 312 144 873 ]
[9  2  3] :	[ 47 105 228 ]
[10  2  3] :	[ 1000 971 609 ]
[1  3  3] :	[ 606 192 694 ]
[2  3  3] :	[ 901 373 360 ]
[3  3  3] :	[ 559 658 823 ]
[4  3  3] :	[ 953 505 121 ]
[5  3  3] :	[ 93 545 553 ]
[6  3  3] :	[ 56 334 739 ]
[7  3  3] :	[ 403 306 142 ]
[8  3  3] :	[ 21 195 248 ]
[9  3  3] :	[ 787 820 205 ]
[10  3  3] :	[ 155 641 977 ]
[1  4  3] :	[ 592 6 331 ]
[2  4  3] :	[ 263 379 796 ]
[3  4  3] :	[ 340 339 504 ]
[4  4  3] :	[ 731 182 808 ]
[5  4  3] :	[ 134 30 829 ]
[6  4  3] :	[ 589 422 199 ]
[7  4  3] :	[ 738 885 555 ]
[8  4  3] :	[ 790 726 420 ]
[9  4  3] :	[ 240 610 906 ]
[10  4  3] :	[ 485 729 310 ]
[1  5  3] :	[ 110 543 140 ]
[2  5  3] :	[ 53 518 796 ]
[3  5  3] :	[ 76 728 713 ]
[4  5  3] :	[ 193 490 755 ]
[5  5  3] :	[ 999 771 346 ]
[6  5  3] :	[ 128 649 130 ]
[7  5  3] :	[ 855 718 657 ]
[8  5  3] :	[ 78 978 251 ]
[9  5  3] :	[ 698 190 450 ]
[10  5  3] :	[ 622 272 79 ]
[1  6  3] :	[ 786 353 403 ]
[2  6  3] :	[ 687 611 87 ]
[3  6  3] :	[ 846 790 178 ]
[4  6  3] :	[ 973 516 215 ]
[5  6  3] :	[ 125 682 678 ]
[6  6  3] :	[ 977 364 578 ]
[7  6  3] :	[ 557 651 491 ]
[8  6  3] :	[ 266 157 827 ]
[9  6  3] :	[ 257 326 495 ]
[10  6  3] :	[ 410 454 554 ]
[1  7  3] :	[ 910 866 32 ]
[2  7  3] :	[ 451 837 256 ]
[3  7  3] :	[ 389 996 203 ]
[4  7  3] :	[ 44 544 987 ]
[5  7  3] :	[ 633 212 362 ]
[6  7  3] :	[ 347 748 179 ]
[7  7  3] :	[ 56 834 173 ]
[8  7  3] :	[ 381 966 538 ]
[9  7  3] :	[ 289 157 6 ]
[10  7  3] :	[ 396 388 714 ]
[1  8  3] :	[ 240 707 642 ]
[2  8  3] :	[ 601 738 291 ]
[3  8  3] :	[ 234 40 278 ]
[4  8  3] :	[ 511 50 903 ]
[5  8  3] :	[ 436 848 574 ]
[6  8  3] :	[ 905 343 74 ]
[7  8  3] :	[ 29 807 692 ]
[8  8  3] :	[ 412 322 11 ]
[9  8  3] :	[ 577 190 77 ]
[10  8  3] :	[ 980 437 665 ]
[1  9  3] :	[ 881 321 628 ]
[2  9  3] :	[ 643 896 218 ]
[3  9  3] :	[ 170 469 131 ]
[4  9  3] :	[ 119 794 756 ]
[5  9  3] :	[ 33 251 716 ]
[6  9  3] :	[ 962 498 580 ]
[7  9  3] :	[ 499 533 69 ]
[8  9  3] :	[ 280 943 900 ]
[9  9  3] :	[ 867 655 192 ]
[10  9  3] :	[ 9 756 718 ]
[1  10  3] :	[ 172 479 356 ]
[2  10  3] :	[ 314 997 665 ]
[3  10  3] :	[ 755 761 221 ]
[4  10  3] :	[ 128 234 448 ]
[5  10  3] :	[ 698 34 851 ]
[6  10  3] :	[ 765 288 9 ]
[7  10  3] :	[ 482 996 898 ]
[8  10  3] :	[ 844 811 563 ]
[9  10  3] :	[ 141 216 785 ]
[10  10  3] :	[ 71 411 327 ]
[1  1  4] :	[ 266 174 318 ]
[2  1  4] :	[ 903 966 164 ]
[3  1  4] :	[ 253 550 258 ]
[4  1  4] :	[ 566 289 845 ]
[5  1  4] :	[ 130 703 783 ]
[6  1  4] :	[ 876 366 406 ]
[7  1  4] :	[ 788 150 42 ]
[8  1  4] :	[ 535 843 935 ]
[9  1  4] :	[ 529 975 783 ]
[10  1  4] :	[ 129 511 124 ]
[1  2  4] :	[ 978 697 985 ]
[2  2  4] :	[ 656 778 551 ]
[3  2  4] :	[ 784 516 60 ]
[4  2  4] :	[ 529 955 701 ]
[5  2  4] :	[ 406 768 242 ]
[6  2  4] :	[ 367 907 334 ]
[7  2  4] :	[ 972 172 528 ]
[8  2  4] :	[ 467 907 607 ]
[9  2  4] :	[ 722 149 997 ]
[10  2  4] :	[ 253 285 16 ]
[1  3  4] :	[ 511 503 439 ]
[2  3  4] :	[ 807 723 349 ]
[3  3  4] :	[ 821 653 194 ]
[4  3  4] :	[ 208 306 521 ]
[5  3  4] :	[ 704 650 623 ]
[6  3  4] :	[ 4 42 76 ]
[7  3  4] :	[ 286 524 205 ]
[8  3  4] :	[ 88 688 672 ]
[9  3  4] :	[ 30 303 109 ]
[10  3  4] :	[ 101 921 858 ]
[1  4  4] :	[ 986 875 122 ]
[2  4  4] :	[ 686 61 648 ]
[3  4  4] :	[ 960 932 899 ]
[4  4  4] :	[ 388 543 558 ]
[5  4  4] :	[ 834 612 726 ]
[6  4  4] :	[ 242 632 260 ]
[7  4  4] :	[ 500 205 22 ]
[8  4  4] :	[ 421 609 459 ]
[9  4  4] :	[ 761 52 871 ]
[10  4  4] :	[ 297 105 781 ]
[1  5  4] :	[ 613 538 403 ]
[2  5  4] :	[ 589 631 155 ]
[3  5  4] :	[ 983 940 333 ]
[4  5  4] :	[ 458 715 455 ]
[5  5  4] :	[ 31 887 408 ]
[6  5  4] :	[ 787 907 843 ]
[7  5  4] :	[ 654 726 802 ]
[8  5  4] :	[ 711 898 902 ]
[9  5  4] :	[ 851 364 238 ]
[10  5  4] :	[ 674 909 2 ]
[1  6  4] :	[ 947 915 919 ]
[2  6  4] :	[ 132 742 440 ]
[3  6  4] :	[ 609 866 633 ]
[4  6  4] :	[ 792 379 471 ]
[5  6  4] :	[ 539 898 857 ]
[6  6  4] :	[ 298 943 913 ]
[7  6  4] :	[ 346 784 562 ]
[8  6  4] :	[ 213 302 225 ]
[9  6  4] :	[ 403 41 83 ]
[10  6  4] :	[ 405 561 830 ]
[1  7  4] :	[ 412 970 846 ]
[2  7  4] :	[ 567 396 636 ]
[3  7  4] :	[ 641 869 494 ]
[4  7  4] :	[ 959 389 628 ]
[5  7  4] :	[ 521 378 778 ]
[6  7  4] :	[ 181 618 707 ]
[7  7  4] :	[ 976 968 163 ]
[8  7  4] :	[ 50 266 545 ]
[9  7  4] :	[ 731 389 30 ]
[10  7  4] :	[ 652 562 701 ]
[1  8  4] :	[ 304 739 466 ]
[2  8  4] :	[ 547 92 1000 ]
[3  8  4] :	[ 736 508 185 ]
[4  8  4] :	[ 489 425 728 ]
[5  8  4] :	[ 490 351 309 ]
[6  8  4] :	[ 74 790 518 ]
[7  8  4] :	[ 951 117 388 ]
[8  8  4] :	[ 524 546 214 ]
[9  8  4] :	[ 340 192 656 ]
[10  8  4] :	[ 453 804 83 ]
[1  9  4] :	[ 504 139 626 ]
[2  9  4] :	[ 499 235 778 ]
[3  9  4] :	[ 405 778 448 ]
[4  9  4] :	[ 230 159 351 ]
[5  9  4] :	[ 325 836 194 ]
[6  9  4] :	[ 765 911 811 ]
[7  9  4] :	[ 952 442 430 ]
[8  9  4] :	[ 152 383 477 ]
[9  9  4] :	[ 52 619 901 ]
[10  9  4] :	[ 162 187 108 ]
[1  10  4] :	[ 69 261 207 ]
[2  10  4] :	[ 869 956 287 ]
[3  10  4] :	[ 488 558 526 ]
[4  10  4] :	[ 126 779 116 ]
[5  10  4] :	[ 548 452 231 ]
[6  10  4] :	[ 779 193 242 ]
[7  10  4] :	[ 847 323 982 ]
[8  10  4] :	[ 633 712 829 ]
[9  10  4] :	[ 705 33 164 ]
[10  10  4] :	[ 815 744 133 ]
[1  1  5] :	[ 936 585 531 ]
[2  1  5] :	[ 986 415 49 ]
[3  1  5] :	[ 937 805 369 ]
[4  1  5] :	[ 34 71 536 ]
[5  1  5] :	[ 894 373 296 ]
[6  1  5] :	[ 501 882 604 ]
[7  1  5] :	[ 273 645 982 ]
[8  1  5] :	[ 194 499 994 ]
[9  1  5] :	[ 930 590 114 ]
[10  1  5] :	[ 932 87 242 ]
[1  2  5] :	[ 716 848 225 ]
[2  2  5] :	[ 990 533 471 ]
[3  2  5] :	[ 927 847 622 ]
[4  2  5] :	[ 986 414 265 ]
[5  2  5] :	[ 629 619 303 ]
[6  2  5] :	[ 409 313 930 ]
[7  2  5] :	[ 546 873 223 ]
[8  2  5] :	[ 490 766 485 ]
[9  2  5] :	[ 846 973 343 ]
[10  2  5] :	[ 582 115 936 ]
[1  3  5] :	[ 804 167 348 ]
[2  3  5] :	[ 746 543 894 ]
[3  3  5] :	[ 601 142 463 ]
[4  3  5] :	[ 684 910 940 ]
[5  3  5] :	[ 825 115 107 ]
[6  3  5] :	[ 218 537 395 ]
[7  3  5] :	[ 724 159 109 ]
[8  3  5] :	[ 882 1000 372 ]
[9  3  5] :	[ 722 603 156 ]
[10  3  5] :	[ 142 228 180 ]
[1  4  5] :	[ 922 556 374 ]
[2  4  5] :	[ 867 737 852 ]
[3  4  5] :	[ 254 181 225 ]
[4  4  5] :	[ 679 781 734 ]
[5  4  5] :	[ 246 156 990 ]
[6  4  5] :	[ 417 335 760 ]
[7  4  5] :	[ 74 71 377 ]
[8  4  5] :	[ 105 404 121 ]
[9  4  5] :	[ 135 628 184 ]
[10  4  5] :	[ 423 669 21 ]
[1  5  5] :	[ 24 771 688 ]
[2  5  5] :	[ 36 489 60 ]
[3  5  5] :	[ 673 917 556 ]
[4  5  5] :	[ 131 896 308 ]
[5  5  5] :	[ 41 666 556 ]
[6  5  5] :	[ 954 252 366 ]
[7  5  5] :	[ 911 865 516 ]
[8  5  5] :	[ 809 599 948 ]
[9  5  5] :	[ 797 998 402 ]
[10  5  5] :	[ 260 287 661 ]
[1  6  5] :	[ 296 152 734 ]
[2  6  5] :	[ 776 980 586 ]
[3  6  5] :	[ 270 599 20 ]
[4  6  5] :	[ 803 689 767 ]
[5  6  5] :	[ 392 349 416 ]
[6  6  5] :	[ 647 445 178 ]
[7  6  5] :	[ 930 183 297 ]
[8  6  5] :	[ 198 16 921 ]
[9  6  5] :	[ 199 142 16 ]
[10  6  5] :	[ 795 720 104 ]
[1  7  5] :	[ 209 497 445 ]
[2  7  5] :	[ 424 562 937 ]
[3  7  5] :	[ 496 857 322 ]
[4  7  5] :	[ 395 347 122 ]
[5  7  5] :	[ 392 439 316 ]
[6  7  5] :	[ 6 957 588 ]
[7  7  5] :	[ 636 157 592 ]
[8  7  5] :	[ 9 173 584 ]
[9  7  5] :	[ 958 217 725 ]
[10  7  5] :	[ 678 237 893 ]
[1  8  5] :	[ 319 245 657 ]
[2  8  5] :	[ 444 78 651 ]
[3  8  5] :	[ 816 837 45 ]
[4  8  5] :	[ 681 35 611 ]
[5  8  5] :	[ 804 123 612 ]
[6  8  5] :	[ 672 880 415 ]
[7  8  5] :	[ 710 637 663 ]
[8  8  5] :	[ 896 570 65 ]
[9  8  5] :	[ 32 354 877 ]
[10  8  5] :	[ 819 965 597 ]
[1  9  5] :	[ 418 233 152 ]
[2  9  5] :	[ 690 604 473 ]
[3  9  5] :	[ 37 393 49 ]
[4  9  5] :	[ 682 767 43 ]
[5  9  5] :	[ 136 91 257 ]
[6  9  5] :	[ 830 460 252 ]
[7  9  5] :	[ 943 935 79 ]
[8  9  5] :	[ 931 816 530 ]
[9  9  5] :	[ 738 49 29 ]
[10  9  5] :	[ 960 641 215 ]
[1  10  5] :	[ 705 752 877 ]
[2  10  5] :	[ 32 555 286 ]
[3  10  5] :	[ 287 384 607 ]
[4  10  5] :	[ 36 457 328 ]
[5  10  5] :	[ 608 324 490 ]
[6  10  5] :	[ 47 665 428 ]
[7  10  5] :	[ 424 569 293 ]
[8  10  5] :	[ 690 439 588 ]
[9  10  5] :	[ 328 24 524 ]
[10  10  5] :	[ 797 83 825 ]
[1  1  6] :	[ 877 575 734 ]
[2  1  6] :	[ 823 132 750 ]
[3  1  6] :	[ 155 888 438 ]
[4  1  6] :	[ 429 332 112 ]
[5  1  6] :	[ 522 564 43 ]
[6  1  6] :	[ 771 154 994 ]
[7  1  6] :	[ 710 905 821 ]
[8  1  6] :	[ 206 189 369 ]
[9  1  6] :	[ 1 959 824 ]
[10  1  6] :	[ 125 188 179 ]
[1  2  6] :	[ 220 456 644 ]
[2  2  6] :	[ 304 98 575 ]
[3  2  6] :	[ 978 304 37 ]
[4  2  6] :	[ 777 774 182 ]
[5  2  6] :	[ 88 881 910 ]
[6  2  6] :	[ 633 52 234 ]
[7  2  6] :	[ 676 930 677 ]
[8  2  6] :	[ 935 506 784 ]
[9  2  6] :	[ 144 267 927 ]
[10  2  6] :	[ 123 8 558 ]
[1  3  6] :	[ 338 258 176 ]
[2  3  6] :	[ 794 367 855 ]
[3  3  6] :	[ 605 377 823 ]
[4  3  6] :	[ 538 151 332 ]
[5  3  6] :	[ 742 662 395 ]
[6  3  6] :	[ 147 614 15 ]
[7  3  6] :	[ 340 149 647 ]
[8  3  6] :	[ 778 586 18 ]
[9  3  6] :	[ 836 45 960 ]
[10  3  6] :	[ 576 692 634 ]
[1  4  6] :	[ 609 479 703 ]
[2  4  6] :	[ 688 244 826 ]
[3  4  6] :	[ 7 789 579 ]
[4  4  6] :	[ 958 271 934 ]
[5  4  6] :	[ 974 947 502 ]
[6  4  6] :	[ 707 987 341 ]
[7  4  6] :	[ 353 455 811 ]
[8  4  6] :	[ 766 505 65 ]
[9  4  6] :	[ 567 870 871 ]
[10  4  6] :	[ 202 16 932 ]
[1  5  6] :	[ 702 518 569 ]
[2  5  6] :	[ 174 152 373 ]
[3  5  6] :	[ 374 435 491 ]
[4  5  6] :	[ 84 867 426 ]
[5  5  6] :	[ 953 578 421 ]
[6  5  6] :	[ 200 169 592 ]
[7  5  6] :	[ 627 845 214 ]
[8  5  6] :	[ 240 296 632 ]
[9  5  6] :	[ 585 859 496 ]
[10  5  6] :	[ 54 834 523 ]
[1  6  6] :	[ 804 211 155 ]
[2  6  6] :	[ 519 492 12 ]
[3  6  6] :	[ 965 365 518 ]
[4  6  6] :	[ 514 386 692 ]
[5  6  6] :	[ 90 525 612 ]
[6  6  6] :	[ 382 7 273 ]
[7  6  6] :	[ 303 906 180 ]
[8  6  6] :	[ 562 549 726 ]
[9  6  6] :	[ 522 322 421 ]
[10  6  6] :	[ 951 869 874 ]
[1  7  6] :	[ 821 176 715 ]
[2  7  6] :	[ 566 156 599 ]
[3  7  6] :	[ 329 640 351 ]
[4  7  6] :	[ 22 233 317 ]
[5  7  6] :	[ 831 354 153 ]
[6  7  6] :	[ 152 436 542 ]
[7  7  6] :	[ 257 617 648 ]
[8  7  6] :	[ 670 923 748 ]
[9  7  6] :	[ 122 122 336 ]
[10  7  6] :	[ 421 298 293 ]
[1  8  6] :	[ 936 510 757 ]
[2  8  6] :	[ 316 75 730 ]
[3  8  6] :	[ 84 681 326 ]
[4  8  6] :	[ 439 226 408 ]
[5  8  6] :	[ 527 67 708 ]
[6  8  6] :	[ 655 998 117 ]
[7  8  6] :	[ 640 259 370 ]
[8  8  6] :	[ 879 117 711 ]
[9  8  6] :	[ 116 83 500 ]
[10  8  6] :	[ 512 183 755 ]
[1  9  6] :	[ 54 681 81 ]
[2  9  6] :	[ 407 605 430 ]
[3  9  6] :	[ 429 553 201 ]
[4  9  6] :	[ 653 214 220 ]
[5  9  6] :	[ 224 947 960 ]
[6  9  6] :	[ 813 73 334 ]
[7  9  6] :	[ 606 159 299 ]
[8  9  6] :	[ 702 124 61 ]
[9  9  6] :	[ 39 284 822 ]
[10  9  6] :	[ 996 705 135 ]
[1  10  6] :	[ 823 872 130 ]
[2  10  6] :	[ 689 447 912 ]
[3  10  6] :	[ 825 924 83 ]
[4  10  6] :	[ 797 521 605 ]
[5  10  6] :	[ 653 176 974 ]
[6  10  6] :	[ 327 989 536 ]
[7  10  6] :	[ 830 845 254 ]
[8  10  6] :	[ 204 432 226 ]
[9  10  6] :	[ 45 949 642 ]
[10  10  6] :	[ 943 970 243 ]
[1  1  7] :	[ 102 918 310 ]
[2  1  7] :	[ 774 876 854 ]
[3  1  7] :	[ 824 158 76 ]
[4  1  7] :	[ 967 883 183 ]
[5  1  7] :	[ 921 334 920 ]
[6  1  7] :	[ 81 618 655 ]
[7  1  7] :	[ 569 506 660 ]
[8  1  7] :	[ 168 23 882 ]
[9  1  7] :	[ 334 835 811 ]
[10  1  7] :	[ 771 794 665 ]
[1  2  7] :	[ 672 731 552 ]
[2  2  7] :	[ 246 213 901 ]
[3  2  7] :	[ 96 111 768 ]
[4  2  7] :	[ 211 185 579 ]
[5  2  7] :	[ 256 683 507 ]
[6  2  7] :	[ 90 856 742 ]
[7  2  7] :	[ 583 855 3 ]
[8  2  7] :	[ 886 193 864 ]
[9  2  7] :	[ 547 285 159 ]
[10  2  7] :	[ 901 917 127 ]
[1  3  7] :	[ 992 219 797 ]
[2  3  7] :	[ 591 803 997 ]
[3  3  7] :	[ 92 356 858 ]
[4  3  7] :	[ 476 994 448 ]
[5  3  7] :	[ 344 975 494 ]
[6  3  7] :	[ 63 230 570 ]
[7  3  7] :	[ 58 698 598 ]
[8  3  7] :	[ 327 36 592 ]
[9  3  7] :	[ 444 389 21 ]
[10  3  7] :	[ 987 755 128 ]
[1  4  7] :	[ 588 151 605 ]
[2  4  7] :	[ 793 780 507 ]
[3  4  7] :	[ 135 819 219 ]
[4  4  7] :	[ 392 538 985 ]
[5  4  7] :	[ 993 200 574 ]
[6  4  7] :	[ 152 290 679 ]
[7  4  7] :	[ 746 167 319 ]
[8  4  7] :	[ 169 969 847 ]
[9  4  7] :	[ 210 399 480 ]
[10  4  7] :	[ 652 457 298 ]
[1  5  7] :	[ 744 768 934 ]
[2  5  7] :	[ 931 356 860 ]
[3  5  7] :	[ 694 288 259 ]
[4  5  7] :	[ 656 551 143 ]
[5  5  7] :	[ 127 872 922 ]
[6  5  7] :	[ 637 433 733 ]
[7  5  7] :	[ 528 521 532 ]
[8  5  7] :	[ 466 322 261 ]
[9  5  7] :	[ 98 723 457 ]
[10  5  7] :	[ 293 352 823 ]
[1  6  7] :	[ 187 783 857 ]
[2  6  7] :	[ 87 367 179 ]
[3  6  7] :	[ 68 305 568 ]
[4  6  7] :	[ 695 459 527 ]
[5  6  7] :	[ 957 604 780 ]
[6  6  7] :	[ 7 727 909 ]
[7  6  7] :	[ 970 56 312 ]
[8  6  7] :	[ 502 254 994 ]
[9  6  7] :	[ 583 409 251 ]
[10  6  7] :	[ 195 949 83 ]
[1  7  7] :	[ 269 395 619 ]
[2  7  7] :	[ 22 515 82 ]
[3  7  7] :	[ 258 151 651 ]
[4  7  7] :	[ 794 952 515 ]
[5  7  7] :	[ 990 557 689 ]
[6  7  7] :	[ 860 620 584 ]
[7  7  7] :	[ 528 530 939 ]
[8  7  7] :	[ 517 259 11 ]
[9  7  7] :	[ 374 213 640 ]
[10  7  7] :	[ 83 582 90 ]
[1  8  7] :	[ 200 255 30 ]
[2  8  7] :	[ 492 239 626 ]
[3  8  7] :	[ 667 444 851 ]
[4  8  7] :	[ 812 339 397 ]
[5  8  7] :	[ 735 888 722 ]
[6  8  7] :	[ 254 109 572 ]
[7  8  7] :	[ 788 49 244 ]
[8  8  7] :	[ 19 251 157 ]
[9  8  7] :	[ 31 697 20 ]
[10  8  7] :	[ 771 499 737 ]
[1  9  7] :	[ 402 727 411 ]
[2  9  7] :	[ 78 695 429 ]
[3  9  7] :	[ 872 492 866 ]
[4  9  7] :	[ 775 424 259 ]
[5  9  7] :	[ 181 463 213 ]
[6  9  7] :	[ 880 36 33 ]
[7  9  7] :	[ 657 707 743 ]
[8  9  7] :	[ 288 478 786 ]
[9  9  7] :	[ 686 507 121 ]
[10  9  7] :	[ 522 100 995 ]
[1  10  7] :	[ 327 5 698 ]
[2  10  7] :	[ 65 69 961 ]
[3  10  7] :	[ 512 524 179 ]
[4  10  7] :	[ 325 607 56 ]
[5  10  7] :	[ 697 389 782 ]
[6  10  7] :	[ 737 407 309 ]
[7  10  7] :	[ 971 1 79 ]
[8  10  7] :	[ 519 820 61 ]
[9  10  7] :	[ 642 268 849 ]
[10  10  7] :	[ 676 895 46 ]
[1  1  8] :	[ 662 640 389 ]
[2  1  8] :	[ 157 908 115 ]
[3  1  8] :	[ 797 59 99 ]
[4  1  8] :	[ 151 419 394 ]
[5  1  8] :	[ 909 361 497 ]
[6  1  8] :	[ 817 290 734 ]
[7  1  8] :	[ 628 821 615 ]
[8  1  8] :	[ 984 900 779 ]
[9  1  8] :	[ 24 689 340 ]
[10  1  8] :	[ 320 380 693 ]
[1  2  8] :	[ 868 981 513 ]
[2  2  8] :	[ 890 248 798 ]
[3  2  8] :	[ 936 585 452 ]
[4  2  8] :	[ 132 865 58 ]
[5  2  8] :	[ 450 549 144 ]
[6  2  8] :	[ 822 668 45 ]
[7  2  8] :	[ 636 363 297 ]
[8  2  8] :	[ 215 757 798 ]
[9  2  8] :	[ 146 260 89 ]
[10  2  8] :	[ 985 998 852 ]
[1  3  8] :	[ 411 98 250 ]
[2  3  8] :	[ 975 79 596 ]
[3  3  8] :	[ 199 815 425 ]
[4  3  8] :	[ 787 474 647 ]
[5  3  8] :	[ 691 920 983 ]
[6  3  8] :	[ 480 130 845 ]
[7  3  8] :	[ 229 881 21 ]
[8  3  8] :	[ 797 10 18 ]
[9  3  8] :	[ 776 789 320 ]
[10  3  8] :	[ 465 773 438 ]
[1  4  8] :	[ 742 713 270 ]
[2  4  8] :	[ 781 726 663 ]
[3  4  8] :	[ 526 783 969 ]
[4  4  8] :	[ 578 279 790 ]
[5  4  8] :	[ 484 138 853 ]
[6  4  8] :	[ 151 91 233 ]
[7  4  8] :	[ 451 579 790 ]
[8  4  8] :	[ 109 662 596 ]
[9  4  8] :	[ 858 308 792 ]
[10  4  8] :	[ 601 624 609 ]
[1  5  8] :	[ 415 652 527 ]
[2  5  8] :	[ 836 448 76 ]
[3  5  8] :	[ 494 957 114 ]
[4  5  8] :	[ 390 655 394 ]
[5  5  8] :	[ 432 824 131 ]
[6  5  8] :	[ 811 201 966 ]
[7  5  8] :	[ 962 971 51 ]
[8  5  8] :	[ 628 210 407 ]
[9  5  8] :	[ 773 79 993 ]
[10  5  8] :	[ 793 57 212 ]
[1  6  8] :	[ 430 853 735 ]
[2  6  8] :	[ 28 523 616 ]
[3  6  8] :	[ 797 100 553 ]
[4  6  8] :	[ 593 821 269 ]
[5  6  8] :	[ 917 204 867 ]
[6  6  8] :	[ 931 197 401 ]
[7  6  8] :	[ 588 683 899 ]
[8  6  8] :	[ 985 59 16 ]
[9  6  8] :	[ 509 515 807 ]
[10  6  8] :	[ 945 443 133 ]
[1  7  8] :	[ 606 206 12 ]
[2  7  8] :	[ 782 884 698 ]
[3  7  8] :	[ 736 558 998 ]
[4  7  8] :	[ 342 234 923 ]
[5  7  8] :	[ 202 436 421 ]
[6  7  8] :	[ 532 891 871 ]
[7  7  8] :	[ 937 278 540 ]
[8  7  8] :	[ 294 584 960 ]
[9  7  8] :	[ 879 411 30 ]
[10  7  8] :	[ 658 951 146 ]
[1  8  8] :	[ 186 519 145 ]
[2  8  8] :	[ 307 510 141 ]
[3  8  8] :	[ 748 709 896 ]
[4  8  8] :	[ 156 258 506 ]
[5  8  8] :	[ 994 957 506 ]
[6  8  8] :	[ 560 532 689 ]
[7  8  8] :	[ 649 275 682 ]
[8  8  8] :	[ 804 191 264 ]
[9  8  8] :	[ 576 488 517 ]
[10  8  8] :	[ 577 848 208 ]
[1  9  8] :	[ 855 10 461 ]
[2  9  8] :	[ 494 202 152 ]
[3  9  8] :	[ 160 810 500 ]
[4  9  8] :	[ 461 581 37 ]
[5  9  8] :	[ 278 604 442 ]
[6  9  8] :	[ 663 35 719 ]
[7  9  8] :	[ 255 219 900 ]
[8  9  8] :	[ 47 691 937 ]
[9  9  8] :	[ 452 596 69 ]
[10  9  8] :	[ 827 168 105 ]
[1  10  8] :	[ 433 611 631 ]
[2  10  8] :	[ 610 335 29 ]
[3  10  8] :	[ 523 324 764 ]
[4  10  8] :	[ 40 400 388 ]
[5  10  8] :	[ 601 345 455 ]
[6  10  8] :	[ 292 636 504 ]
[7  10  8] :	[ 767 389 428 ]
[8  10  8] :	[ 604 36 15 ]
[9  10  8] :	[ 242 92 445 ]
[10  10  8] :	[ 138 894 915 ]
[1  1  9] :	[ 46 366 561 ]
[2  1  9] :	[ 548 85 390 ]
[3  1  9] :	[ 527 853 713 ]
[4  1  9] :	[ 628 416 936 ]
[5  1  9] :	[ 847 895 624 ]
[6  1  9] :	[ 379 343 463 ]
[7  1  9] :	[ 611 237 211 ]
[8  1  9] :	[ 698 164 210 ]
[9  1  9] :	[ 353 843 987 ]
[10  1  9] :	[ 244 172 148 ]
[1  2  9] :	[ 778 634 470 ]
[2  2  9] :	[ 736 473 361 ]
[3  2  9] :	[ 210 35 470 ]
[4  2  9] :	[ 18 135 617 ]
[5  2  9] :	[ 474 183 682 ]
[6  2  9] :	[ 540 60 483 ]
[7  2  9] :	[ 358 89 168 ]
[8  2  9] :	[ 955 529 919 ]
[9  2  9] :	[ 545 488 567 ]
[10  2  9] :	[ 172 548 285 ]
[1  3  9] :	[ 451 96 845 ]
[2  3  9] :	[ 325 196 55 ]
[3  3  9] :	[ 290 718 927 ]
[4  3  9] :	[ 592 628 738 ]
[5  3  9] :	[ 56 377 787 ]
[6  3  9] :	[ 31 739 471 ]
[7  3  9] :	[ 187 180 740 ]
[8  3  9] :	[ 312 912 379 ]
[9  3  9] :	[ 895 217 563 ]
[10  3  9] :	[ 426 591 34 ]
[1  4  9] :	[ 365 632 84 ]
[2  4  9] :	[ 727 374 543 ]
[3  4  9] :	[ 997 349 671 ]
[4  4  9] :	[ 531 67 845 ]
[5  4  9] :	[ 68 451 39 ]
[6  4  9] :	[ 548 162 527 ]
[7  4  9] :	[ 647 110 536 ]
[8  4  9] :	[ 565 758 780 ]
[9  4  9] :	[ 533 407 111 ]
[10  4  9] :	[ 648 310 247 ]
[1  5  9] :	[ 553 500 797 ]
[2  5  9] :	[ 80 288 372 ]
[3  5  9] :	[ 802 77 502 ]
[4  5  9] :	[ 791 725 129 ]
[5  5  9] :	[ 619 933 272 ]
[6  5  9] :	[ 153 593 607 ]
[7  5  9] :	[ 95 993 882 ]
[8  5  9] :	[ 87 512 937 ]
[9  5  9] :	[ 166 244 348 ]
[10  5  9] :	[ 902 473 406 ]
[1  6  9] :	[ 426 363 64 ]
[2  6  9] :	[ 585 469 914 ]
[3  6  9] :	[ 373 506 978 ]
[4  6  9] :	[ 210 272 919 ]
[5  6  9] :	[ 171 673 212 ]
[6  6  9] :	[ 226 208 968 ]
[7  6  9] :	[ 64 395 739 ]
[8  6  9] :	[ 762 67 423 ]
[9  6  9] :	[ 286 689 920 ]
[10  6  9] :	[ 397 85 742 ]
[1  7  9] :	[ 881 316 788 ]
[2  7  9] :	[ 569 743 399 ]
[3  7  9] :	[ 869 258 664 ]
[4  7  9] :	[ 558 670 233 ]
[5  7  9] :	[ 141 100 752 ]
[6  7  9] :	[ 829 862 447 ]
[7  7  9] :	[ 646 978 783 ]
[8  7  9] :	[ 894 131 157 ]
[9  7  9] :	[ 527 969 914 ]
[10  7  9] :	[ 449 123 962 ]
[1  8  9] :	[ 916 107 207 ]
[2  8  9] :	[ 589 449 498 ]
[3  8  9] :	[ 984 554 200 ]
[4  8  9] :	[ 690 685 971 ]
[5  8  9] :	[ 320 203 790 ]
[6  8  9] :	[ 250 895 681 ]
[7  8  9] :	[ 952 39 726 ]
[8  8  9] :	[ 292 463 257 ]
[9  8  9] :	[ 666 720 86 ]
[10  8  9] :	[ 86 722 462 ]
[1  9  9] :	[ 245 35 748 ]
[2  9  9] :	[ 30 911 811 ]
[3  9  9] :	[ 840 322 976 ]
[4  9  9] :	[ 814 478 91 ]
[5  9  9] :	[ 577 508 47 ]
[6  9  9] :	[ 964 587 795 ]
[7  9  9] :	[ 619 906 478 ]
[8  9  9] :	[ 795 773 379 ]
[9  9  9] :	[ 841 86 815 ]
[10  9  9] :	[ 699 125 583 ]
[1  10  9] :	[ 937 230 575 ]
[2  10  9] :	[ 677 756 186 ]
[3  10  9] :	[ 898 194 201 ]
[4  10  9] :	[ 697 979 1 ]
[5  10  9] :	[ 878 756 783 ]
[6  10  9] :	[ 818 905 400 ]
[7  10  9] :	[ 668 890 701 ]
[8  10  9] :	[ 189 536 722 ]
[9  10  9] :	[ 370 636 574 ]
[10  10  9] :	[ 961 108 774 ]
[1  1  10] :	[ 880 899 562 ]
[2  1  10] :	[ 403 926 753 ]
[3  1  10] :	[ 169 939 638 ]
[4  1  10] :	[ 73 282 967 ]
[5  1  10] :	[ 837 147 335 ]
[6  1  10] :	[ 747 968 240 ]
[7  1  10] :	[ 381 957 269 ]
[8  1  10] :	[ 882 84 895 ]
[9  1  10] :	[ 64 167 670 ]
[10  1  10] :	[ 217 389 216 ]
[1  2  10] :	[ 349 43 990 ]
[2  2  10] :	[ 539 512 910 ]
[3  2  10] :	[ 602 23 310 ]
[4  2  10] :	[ 632 530 653 ]
[5  2  10] :	[ 282 615 756 ]
[6  2  10] :	[ 895 393 505 ]
[7  2  10] :	[ 200 866 158 ]
[8  2  10] :	[ 399 309 30 ]
[9  2  10] :	[ 540 985 824 ]
[10  2  10] :	[ 192 963 106 ]
[1  3  10] :	[ 474 969 93 ]
[2  3  10] :	[ 252 308 758 ]
[3  3  10] :	[ 990 353 598 ]
[4  3  10] :	[ 484 877 137 ]
[5  3  10] :	[ 515 5 39 ]
[6  3  10] :	[ 960 316 158 ]
[7  3  10] :	[ 301 698 377 ]
[8  3  10] :	[ 848 118 823 ]
[9  3  10] :	[ 224 465 578 ]
[10  3  10] :	[ 186 650 191 ]
[1  4  10] :	[ 499 447 122 ]
[2  4  10] :	[ 400 372 271 ]
[3  4  10] :	[ 946 497 115 ]
[4  4  10] :	[ 641 62 959 ]
[5  4  10] :	[ 482 644 940 ]
[6  4  10] :	[ 314 479 110 ]
[7  4  10] :	[ 750 17 364 ]
[8  4  10] :	[ 337 900 960 ]
[9  4  10] :	[ 591 922 51 ]
[10  4  10] :	[ 413 608 412 ]
[1  5  10] :	[ 932 763 550 ]
[2  5  10] :	[ 111 633 282 ]
[3  5  10] :	[ 665 837 576 ]
[4  5  10] :	[ 563 810 880 ]
[5  5  10] :	[ 1 939 436 ]
[6  5  10] :	[ 704 672 375 ]
[7  5  10] :	[ 301 160 459 ]
[8  5  10] :	[ 877 542 125 ]
[9  5  10] :	[ 604 405 868 ]
[10  5  10] :	[ 498 759 655 ]
[1  6  10] :	[ 354 429 355 ]
[2  6  10] :	[ 836 729 529 ]
[3  6  10] :	[ 454 752 122 ]
[4  6  10] :	[ 523 989 71 ]
[5  6  10] :	[ 920 508 241 ]
[6  6  10] :	[ 675 788 529 ]
[7  6  10] :	[ 464 343 925 ]
[8  6  10] :	[ 644 786 869 ]
[9  6  10] :	[ 295 67 931 ]
[10  6  10] :	[ 877 951 223 ]
[1  7  10] :	[ 830 243 508 ]
[2  7  10] :	[ 778 893 39 ]
[3  7  10] :	[ 560 764 577 ]
[4  7  10] :	[ 348 41 978 ]
[5  7  10] :	[ 886 123 603 ]
[6  7  10] :	[ 686 633 514 ]
[7  7  10] :	[ 606 531 568 ]
[8  7  10] :	[ 724 679 235 ]
[9  7  10] :	[ 32 504 688 ]
[10  7  10] :	[ 324 360 870 ]
[1  8  10] :	[ 557 655 99 ]
[2  8  10] :	[ 471 650 940 ]
[3  8  10] :	[ 43 323 289 ]
[4  8  10] :	[ 835 181 281 ]
[5  8  10] :	[ 588 404 942 ]
[6  8  10] :	[ 742 954 931 ]
[7  8  10] :	[ 512 498 518 ]
[8  8  10] :	[ 116 598 631 ]
[9  8  10] :	[ 249 693 731 ]
[10  8  10] :	[ 578 731 324 ]
[1  9  10] :	[ 81 236 379 ]
[2  9  10] :	[ 496 830 86 ]
[3  9  10] :	[ 402 759 316 ]
[4  9  10] :	[ 831 960 295 ]
[5  9  10] :	[ 534 969 771 ]
[6  9  10] :	[ 292 96 61 ]
[7  9  10] :	[ 886 9 405 ]
[8  9  10] :	[ 196 494 732 ]
[9  9  10] :	[ 649 272 363 ]
[10  9  10] :	[ 68 169 321 ]
[1  10  10] :	[ 986 114 924 ]
[2  10  10] :	[ 996 583 109 ]
[3  10  10] :	[ 52 754 842 ]
[4  10  10] :	[ 107 978 25 ]
[5  10  10] :	[ 725 53 133 ]
[6  10  10] :	[ 807 665 398 ]
[7  10  10] :	[ 111 756 259 ]
[8  10  10] :	[ 70 990 801 ]
[9  10  10] :	[ 887 157 655 ]
[10  10  10] :	[ 704 739 149 ]
