# Generated by GAMUT v1.0.1
# A Game With Uniformly Random Payoffs
# Game Parameter Values:
# Random seed:	1652188575127
# Cmd Line:	-g RandomGame -players 3 -actions 10 -normalize -min_payoff 0.01 -max_payoff 10 -int_payoffs -int_mult 100 -f RG_multi_3_10_9.txt
# Players:	3
# Actions:	10 10 10
# players:	3
# actions:	[10]
[1  1  1] :	[ 234 834 407 ]
[2  1  1] :	[ 65 918 479 ]
[3  1  1] :	[ 837 360 984 ]
[4  1  1] :	[ 220 656 969 ]
[5  1  1] :	[ 756 480 677 ]
[6  1  1] :	[ 254 833 886 ]
[7  1  1] :	[ 217 213 579 ]
[8  1  1] :	[ 773 372 961 ]
[9  1  1] :	[ 135 113 640 ]
[10  1  1] :	[ 253 299 804 ]
[1  2  1] :	[ 726 658 132 ]
[2  2  1] :	[ 792 637 456 ]
[3  2  1] :	[ 545 202 955 ]
[4  2  1] :	[ 540 448 390 ]
[5  2  1] :	[ 293 251 281 ]
[6  2  1] :	[ 905 509 643 ]
[7  2  1] :	[ 831 417 197 ]
[8  2  1] :	[ 654 333 25 ]
[9  2  1] :	[ 359 490 757 ]
[10  2  1] :	[ 725 901 875 ]
[1  3  1] :	[ 36 513 802 ]
[2  3  1] :	[ 906 765 313 ]
[3  3  1] :	[ 386 975 527 ]
[4  3  1] :	[ 830 79 563 ]
[5  3  1] :	[ 623 533 487 ]
[6  3  1] :	[ 772 383 202 ]
[7  3  1] :	[ 379 113 701 ]
[8  3  1] :	[ 823 408 454 ]
[9  3  1] :	[ 630 204 991 ]
[10  3  1] :	[ 962 161 379 ]
[1  4  1] :	[ 790 605 328 ]
[2  4  1] :	[ 677 693 28 ]
[3  4  1] :	[ 827 414 985 ]
[4  4  1] :	[ 605 248 283 ]
[5  4  1] :	[ 659 94 832 ]
[6  4  1] :	[ 871 483 612 ]
[7  4  1] :	[ 356 187 437 ]
[8  4  1] :	[ 531 450 767 ]
[9  4  1] :	[ 650 571 110 ]
[10  4  1] :	[ 650 798 519 ]
[1  5  1] :	[ 671 545 197 ]
[2  5  1] :	[ 981 803 549 ]
[3  5  1] :	[ 516 89 413 ]
[4  5  1] :	[ 80 91 340 ]
[5  5  1] :	[ 421 97 365 ]
[6  5  1] :	[ 549 496 240 ]
[7  5  1] :	[ 786 523 806 ]
[8  5  1] :	[ 279 900 147 ]
[9  5  1] :	[ 700 134 991 ]
[10  5  1] :	[ 500 35 767 ]
[1  6  1] :	[ 805 44 562 ]
[2  6  1] :	[ 459 371 144 ]
[3  6  1] :	[ 342 347 878 ]
[4  6  1] :	[ 935 758 575 ]
[5  6  1] :	[ 889 54 982 ]
[6  6  1] :	[ 128 937 877 ]
[7  6  1] :	[ 171 212 662 ]
[8  6  1] :	[ 621 849 30 ]
[9  6  1] :	[ 206 206 34 ]
[10  6  1] :	[ 952 578 780 ]
[1  7  1] :	[ 798 350 989 ]
[2  7  1] :	[ 566 744 866 ]
[3  7  1] :	[ 31 168 913 ]
[4  7  1] :	[ 399 653 415 ]
[5  7  1] :	[ 205 983 505 ]
[6  7  1] :	[ 638 217 509 ]
[7  7  1] :	[ 270 599 846 ]
[8  7  1] :	[ 453 882 324 ]
[9  7  1] :	[ 564 896 424 ]
[10  7  1] :	[ 792 620 565 ]
[1  8  1] :	[ 699 745 681 ]
[2  8  1] :	[ 175 1000 920 ]
[3  8  1] :	[ 670 4 751 ]
[4  8  1] :	[ 618 632 540 ]
[5  8  1] :	[ 9 870 450 ]
[6  8  1] :	[ 16 712 375 ]
[7  8  1] :	[ 166 861 761 ]
[8  8  1] :	[ 94 480 338 ]
[9  8  1] :	[ 720 551 694 ]
[10  8  1] :	[ 247 896 923 ]
[1  9  1] :	[ 47 66 87 ]
[2  9  1] :	[ 535 880 825 ]
[3  9  1] :	[ 123 661 507 ]
[4  9  1] :	[ 855 567 372 ]
[5  9  1] :	[ 100 752 692 ]
[6  9  1] :	[ 836 10 69 ]
[7  9  1] :	[ 847 574 245 ]
[8  9  1] :	[ 749 891 137 ]
[9  9  1] :	[ 806 818 202 ]
[10  9  1] :	[ 156 590 653 ]
[1  10  1] :	[ 144 903 449 ]
[2  10  1] :	[ 974 487 349 ]
[3  10  1] :	[ 757 774 500 ]
[4  10  1] :	[ 226 561 618 ]
[5  10  1] :	[ 867 687 976 ]
[6  10  1] :	[ 65 544 34 ]
[7  10  1] :	[ 969 513 6 ]
[8  10  1] :	[ 446 140 393 ]
[9  10  1] :	[ 70 681 365 ]
[10  10  1] :	[ 530 603 629 ]
[1  1  2] :	[ 419 393 30 ]
[2  1  2] :	[ 922 850 151 ]
[3  1  2] :	[ 454 946 360 ]
[4  1  2] :	[ 724 587 347 ]
[5  1  2] :	[ 938 459 498 ]
[6  1  2] :	[ 516 792 704 ]
[7  1  2] :	[ 292 589 945 ]
[8  1  2] :	[ 251 480 238 ]
[9  1  2] :	[ 950 623 735 ]
[10  1  2] :	[ 894 810 168 ]
[1  2  2] :	[ 188 29 608 ]
[2  2  2] :	[ 230 154 904 ]
[3  2  2] :	[ 773 993 426 ]
[4  2  2] :	[ 401 180 184 ]
[5  2  2] :	[ 877 704 466 ]
[6  2  2] :	[ 501 144 79 ]
[7  2  2] :	[ 44 474 572 ]
[8  2  2] :	[ 494 330 522 ]
[9  2  2] :	[ 426 611 561 ]
[10  2  2] :	[ 85 677 448 ]
[1  3  2] :	[ 439 90 217 ]
[2  3  2] :	[ 187 547 431 ]
[3  3  2] :	[ 505 601 101 ]
[4  3  2] :	[ 845 23 118 ]
[5  3  2] :	[ 166 307 863 ]
[6  3  2] :	[ 841 867 55 ]
[7  3  2] :	[ 955 676 508 ]
[8  3  2] :	[ 419 202 349 ]
[9  3  2] :	[ 777 950 818 ]
[10  3  2] :	[ 267 300 709 ]
[1  4  2] :	[ 642 54 999 ]
[2  4  2] :	[ 187 188 141 ]
[3  4  2] :	[ 540 35 367 ]
[4  4  2] :	[ 950 181 683 ]
[5  4  2] :	[ 616 72 991 ]
[6  4  2] :	[ 971 253 331 ]
[7  4  2] :	[ 168 120 399 ]
[8  4  2] :	[ 754 815 710 ]
[9  4  2] :	[ 723 325 914 ]
[10  4  2] :	[ 846 620 836 ]
[1  5  2] :	[ 813 401 168 ]
[2  5  2] :	[ 248 721 996 ]
[3  5  2] :	[ 335 830 2 ]
[4  5  2] :	[ 381 474 662 ]
[5  5  2] :	[ 177 41 123 ]
[6  5  2] :	[ 323 553 105 ]
[7  5  2] :	[ 439 181 384 ]
[8  5  2] :	[ 111 410 227 ]
[9  5  2] :	[ 277 788 162 ]
[10  5  2] :	[ 389 340 759 ]
[1  6  2] :	[ 229 995 198 ]
[2  6  2] :	[ 15 681 424 ]
[3  6  2] :	[ 621 60 373 ]
[4  6  2] :	[ 33 916 867 ]
[5  6  2] :	[ 411 79 681 ]
[6  6  2] :	[ 188 86 769 ]
[7  6  2] :	[ 757 287 209 ]
[8  6  2] :	[ 497 418 858 ]
[9  6  2] :	[ 741 47 968 ]
[10  6  2] :	[ 768 74 782 ]
[1  7  2] :	[ 856 282 153 ]
[2  7  2] :	[ 860 410 558 ]
[3  7  2] :	[ 823 124 42 ]
[4  7  2] :	[ 553 500 574 ]
[5  7  2] :	[ 521 981 268 ]
[6  7  2] :	[ 270 565 552 ]
[7  7  2] :	[ 968 146 508 ]
[8  7  2] :	[ 566 717 392 ]
[9  7  2] :	[ 247 837 590 ]
[10  7  2] :	[ 11 36 75 ]
[1  8  2] :	[ 812 733 935 ]
[2  8  2] :	[ 99 949 608 ]
[3  8  2] :	[ 881 640 57 ]
[4  8  2] :	[ 575 447 130 ]
[5  8  2] :	[ 639 747 275 ]
[6  8  2] :	[ 563 545 374 ]
[7  8  2] :	[ 92 397 712 ]
[8  8  2] :	[ 293 989 545 ]
[9  8  2] :	[ 692 148 332 ]
[10  8  2] :	[ 667 481 840 ]
[1  9  2] :	[ 297 351 56 ]
[2  9  2] :	[ 446 466 290 ]
[3  9  2] :	[ 403 359 413 ]
[4  9  2] :	[ 192 503 469 ]
[5  9  2] :	[ 461 55 938 ]
[6  9  2] :	[ 21 50 336 ]
[7  9  2] :	[ 298 207 273 ]
[8  9  2] :	[ 754 560 646 ]
[9  9  2] :	[ 161 720 914 ]
[10  9  2] :	[ 633 288 844 ]
[1  10  2] :	[ 373 485 41 ]
[2  10  2] :	[ 588 597 311 ]
[3  10  2] :	[ 731 878 976 ]
[4  10  2] :	[ 307 322 421 ]
[5  10  2] :	[ 24 7 168 ]
[6  10  2] :	[ 557 514 980 ]
[7  10  2] :	[ 581 665 556 ]
[8  10  2] :	[ 108 466 592 ]
[9  10  2] :	[ 104 999 539 ]
[10  10  2] :	[ 55 918 951 ]
[1  1  3] :	[ 805 733 42 ]
[2  1  3] :	[ 704 119 530 ]
[3  1  3] :	[ 358 387 633 ]
[4  1  3] :	[ 634 472 99 ]
[5  1  3] :	[ 822 11 575 ]
[6  1  3] :	[ 181 658 443 ]
[7  1  3] :	[ 456 506 163 ]
[8  1  3] :	[ 586 960 34 ]
[9  1  3] :	[ 240 249 605 ]
[10  1  3] :	[ 507 191 829 ]
[1  2  3] :	[ 971 360 815 ]
[2  2  3] :	[ 804 700 876 ]
[3  2  3] :	[ 267 320 677 ]
[4  2  3] :	[ 120 181 133 ]
[5  2  3] :	[ 988 463 655 ]
[6  2  3] :	[ 595 785 309 ]
[7  2  3] :	[ 810 970 65 ]
[8  2  3] :	[ 239 614 69 ]
[9  2  3] :	[ 674 914 479 ]
[10  2  3] :	[ 109 536 944 ]
[1  3  3] :	[ 10 700 278 ]
[2  3  3] :	[ 437 911 124 ]
[3  3  3] :	[ 863 64 676 ]
[4  3  3] :	[ 391 834 318 ]
[5  3  3] :	[ 224 48 87 ]
[6  3  3] :	[ 90 991 449 ]
[7  3  3] :	[ 804 823 348 ]
[8  3  3] :	[ 952 356 252 ]
[9  3  3] :	[ 458 550 538 ]
[10  3  3] :	[ 240 738 525 ]
[1  4  3] :	[ 411 202 226 ]
[2  4  3] :	[ 50 459 480 ]
[3  4  3] :	[ 18 98 479 ]
[4  4  3] :	[ 342 822 617 ]
[5  4  3] :	[ 829 376 425 ]
[6  4  3] :	[ 709 241 767 ]
[7  4  3] :	[ 558 457 394 ]
[8  4  3] :	[ 303 130 127 ]
[9  4  3] :	[ 804 5 389 ]
[10  4  3] :	[ 686 470 929 ]
[1  5  3] :	[ 849 998 831 ]
[2  5  3] :	[ 51 163 572 ]
[3  5  3] :	[ 252 175 313 ]
[4  5  3] :	[ 454 298 353 ]
[5  5  3] :	[ 538 701 409 ]
[6  5  3] :	[ 748 499 894 ]
[7  5  3] :	[ 512 747 32 ]
[8  5  3] :	[ 321 266 770 ]
[9  5  3] :	[ 690 775 337 ]
[10  5  3] :	[ 532 966 390 ]
[1  6  3] :	[ 119 403 779 ]
[2  6  3] :	[ 603 799 143 ]
[3  6  3] :	[ 258 88 489 ]
[4  6  3] :	[ 508 388 483 ]
[5  6  3] :	[ 494 130 345 ]
[6  6  3] :	[ 827 352 672 ]
[7  6  3] :	[ 691 893 484 ]
[8  6  3] :	[ 389 676 12 ]
[9  6  3] :	[ 675 211 32 ]
[10  6  3] :	[ 573 592 882 ]
[1  7  3] :	[ 560 91 771 ]
[2  7  3] :	[ 959 735 669 ]
[3  7  3] :	[ 278 265 320 ]
[4  7  3] :	[ 647 305 919 ]
[5  7  3] :	[ 673 531 535 ]
[6  7  3] :	[ 165 18 554 ]
[7  7  3] :	[ 989 141 509 ]
[8  7  3] :	[ 805 451 36 ]
[9  7  3] :	[ 223 486 256 ]
[10  7  3] :	[ 376 682 718 ]
[1  8  3] :	[ 401 817 560 ]
[2  8  3] :	[ 264 496 345 ]
[3  8  3] :	[ 521 701 3 ]
[4  8  3] :	[ 844 43 849 ]
[5  8  3] :	[ 611 720 104 ]
[6  8  3] :	[ 737 308 727 ]
[7  8  3] :	[ 422 962 983 ]
[8  8  3] :	[ 132 706 86 ]
[9  8  3] :	[ 854 141 20 ]
[10  8  3] :	[ 634 119 808 ]
[1  9  3] :	[ 969 287 548 ]
[2  9  3] :	[ 751 820 190 ]
[3  9  3] :	[ 558 631 146 ]
[4  9  3] :	[ 559 540 702 ]
[5  9  3] :	[ 772 430 801 ]
[6  9  3] :	[ 756 45 18 ]
[7  9  3] :	[ 492 420 576 ]
[8  9  3] :	[ 39 360 74 ]
[9  9  3] :	[ 509 358 956 ]
[10  9  3] :	[ 649 411 496 ]
[1  10  3] :	[ 188 127 578 ]
[2  10  3] :	[ 855 761 942 ]
[3  10  3] :	[ 359 985 64 ]
[4  10  3] :	[ 288 679 886 ]
[5  10  3] :	[ 589 63 509 ]
[6  10  3] :	[ 98 725 313 ]
[7  10  3] :	[ 454 320 173 ]
[8  10  3] :	[ 14 986 346 ]
[9  10  3] :	[ 788 576 103 ]
[10  10  3] :	[ 453 789 625 ]
[1  1  4] :	[ 376 719 793 ]
[2  1  4] :	[ 576 345 351 ]
[3  1  4] :	[ 958 935 313 ]
[4  1  4] :	[ 866 876 552 ]
[5  1  4] :	[ 351 781 553 ]
[6  1  4] :	[ 810 184 615 ]
[7  1  4] :	[ 902 280 299 ]
[8  1  4] :	[ 92 728 507 ]
[9  1  4] :	[ 215 890 100 ]
[10  1  4] :	[ 392 363 721 ]
[1  2  4] :	[ 329 138 419 ]
[2  2  4] :	[ 258 507 794 ]
[3  2  4] :	[ 292 183 746 ]
[4  2  4] :	[ 254 134 672 ]
[5  2  4] :	[ 747 10 923 ]
[6  2  4] :	[ 731 342 980 ]
[7  2  4] :	[ 162 123 986 ]
[8  2  4] :	[ 561 234 36 ]
[9  2  4] :	[ 934 435 719 ]
[10  2  4] :	[ 282 81 660 ]
[1  3  4] :	[ 830 578 937 ]
[2  3  4] :	[ 390 708 345 ]
[3  3  4] :	[ 243 863 932 ]
[4  3  4] :	[ 596 169 348 ]
[5  3  4] :	[ 41 638 741 ]
[6  3  4] :	[ 462 277 784 ]
[7  3  4] :	[ 437 528 7 ]
[8  3  4] :	[ 740 480 736 ]
[9  3  4] :	[ 512 92 348 ]
[10  3  4] :	[ 452 905 135 ]
[1  4  4] :	[ 487 361 947 ]
[2  4  4] :	[ 308 35 91 ]
[3  4  4] :	[ 455 687 591 ]
[4  4  4] :	[ 588 802 283 ]
[5  4  4] :	[ 707 777 719 ]
[6  4  4] :	[ 411 880 4 ]
[7  4  4] :	[ 289 975 192 ]
[8  4  4] :	[ 330 495 378 ]
[9  4  4] :	[ 709 971 157 ]
[10  4  4] :	[ 680 931 137 ]
[1  5  4] :	[ 469 702 327 ]
[2  5  4] :	[ 49 542 120 ]
[3  5  4] :	[ 54 94 566 ]
[4  5  4] :	[ 929 407 36 ]
[5  5  4] :	[ 264 261 515 ]
[6  5  4] :	[ 656 266 324 ]
[7  5  4] :	[ 44 392 923 ]
[8  5  4] :	[ 5 402 437 ]
[9  5  4] :	[ 877 843 24 ]
[10  5  4] :	[ 178 382 183 ]
[1  6  4] :	[ 911 69 971 ]
[2  6  4] :	[ 772 395 828 ]
[3  6  4] :	[ 556 443 605 ]
[4  6  4] :	[ 273 516 359 ]
[5  6  4] :	[ 659 324 552 ]
[6  6  4] :	[ 972 927 354 ]
[7  6  4] :	[ 405 914 134 ]
[8  6  4] :	[ 630 589 172 ]
[9  6  4] :	[ 105 580 389 ]
[10  6  4] :	[ 149 281 433 ]
[1  7  4] :	[ 259 698 914 ]
[2  7  4] :	[ 139 650 820 ]
[3  7  4] :	[ 43 565 25 ]
[4  7  4] :	[ 478 921 654 ]
[5  7  4] :	[ 494 876 514 ]
[6  7  4] :	[ 647 55 654 ]
[7  7  4] :	[ 202 429 919 ]
[8  7  4] :	[ 691 463 822 ]
[9  7  4] :	[ 758 536 652 ]
[10  7  4] :	[ 922 21 119 ]
[1  8  4] :	[ 544 629 635 ]
[2  8  4] :	[ 9 330 119 ]
[3  8  4] :	[ 512 401 213 ]
[4  8  4] :	[ 375 314 5 ]
[5  8  4] :	[ 538 793 793 ]
[6  8  4] :	[ 178 680 572 ]
[7  8  4] :	[ 872 957 521 ]
[8  8  4] :	[ 822 361 163 ]
[9  8  4] :	[ 417 271 809 ]
[10  8  4] :	[ 356 1 68 ]
[1  9  4] :	[ 525 207 58 ]
[2  9  4] :	[ 389 304 844 ]
[3  9  4] :	[ 943 481 647 ]
[4  9  4] :	[ 795 712 339 ]
[5  9  4] :	[ 595 433 235 ]
[6  9  4] :	[ 405 436 242 ]
[7  9  4] :	[ 996 572 595 ]
[8  9  4] :	[ 802 231 300 ]
[9  9  4] :	[ 2 106 358 ]
[10  9  4] :	[ 831 137 764 ]
[1  10  4] :	[ 294 319 674 ]
[2  10  4] :	[ 581 470 231 ]
[3  10  4] :	[ 426 349 791 ]
[4  10  4] :	[ 462 805 902 ]
[5  10  4] :	[ 743 480 578 ]
[6  10  4] :	[ 97 214 250 ]
[7  10  4] :	[ 79 19 273 ]
[8  10  4] :	[ 812 366 498 ]
[9  10  4] :	[ 348 151 32 ]
[10  10  4] :	[ 82 776 496 ]
[1  1  5] :	[ 517 690 652 ]
[2  1  5] :	[ 173 785 463 ]
[3  1  5] :	[ 281 978 191 ]
[4  1  5] :	[ 837 297 382 ]
[5  1  5] :	[ 224 385 682 ]
[6  1  5] :	[ 981 499 817 ]
[7  1  5] :	[ 534 257 138 ]
[8  1  5] :	[ 394 389 182 ]
[9  1  5] :	[ 161 108 296 ]
[10  1  5] :	[ 121 5 208 ]
[1  2  5] :	[ 689 261 702 ]
[2  2  5] :	[ 38 242 83 ]
[3  2  5] :	[ 470 706 575 ]
[4  2  5] :	[ 411 749 773 ]
[5  2  5] :	[ 642 214 705 ]
[6  2  5] :	[ 73 107 666 ]
[7  2  5] :	[ 342 692 799 ]
[8  2  5] :	[ 905 179 395 ]
[9  2  5] :	[ 621 592 336 ]
[10  2  5] :	[ 60 914 612 ]
[1  3  5] :	[ 548 182 304 ]
[2  3  5] :	[ 209 279 122 ]
[3  3  5] :	[ 588 462 661 ]
[4  3  5] :	[ 627 974 194 ]
[5  3  5] :	[ 363 14 380 ]
[6  3  5] :	[ 398 934 601 ]
[7  3  5] :	[ 77 720 329 ]
[8  3  5] :	[ 159 87 851 ]
[9  3  5] :	[ 559 653 244 ]
[10  3  5] :	[ 496 425 14 ]
[1  4  5] :	[ 691 118 300 ]
[2  4  5] :	[ 548 916 871 ]
[3  4  5] :	[ 785 328 124 ]
[4  4  5] :	[ 936 861 96 ]
[5  4  5] :	[ 864 26 843 ]
[6  4  5] :	[ 301 316 911 ]
[7  4  5] :	[ 58 303 659 ]
[8  4  5] :	[ 662 646 293 ]
[9  4  5] :	[ 145 817 308 ]
[10  4  5] :	[ 105 369 688 ]
[1  5  5] :	[ 176 974 275 ]
[2  5  5] :	[ 928 124 221 ]
[3  5  5] :	[ 54 811 51 ]
[4  5  5] :	[ 51 11 850 ]
[5  5  5] :	[ 662 864 853 ]
[6  5  5] :	[ 52 205 992 ]
[7  5  5] :	[ 625 578 517 ]
[8  5  5] :	[ 365 705 571 ]
[9  5  5] :	[ 426 353 812 ]
[10  5  5] :	[ 712 274 962 ]
[1  6  5] :	[ 32 332 857 ]
[2  6  5] :	[ 650 215 50 ]
[3  6  5] :	[ 551 254 904 ]
[4  6  5] :	[ 487 822 870 ]
[5  6  5] :	[ 191 22 512 ]
[6  6  5] :	[ 141 491 528 ]
[7  6  5] :	[ 597 55 225 ]
[8  6  5] :	[ 651 106 215 ]
[9  6  5] :	[ 883 559 982 ]
[10  6  5] :	[ 592 707 15 ]
[1  7  5] :	[ 504 900 538 ]
[2  7  5] :	[ 253 784 80 ]
[3  7  5] :	[ 957 428 479 ]
[4  7  5] :	[ 861 938 346 ]
[5  7  5] :	[ 597 972 697 ]
[6  7  5] :	[ 755 720 445 ]
[7  7  5] :	[ 234 730 462 ]
[8  7  5] :	[ 313 401 616 ]
[9  7  5] :	[ 314 169 956 ]
[10  7  5] :	[ 491 283 301 ]
[1  8  5] :	[ 170 408 885 ]
[2  8  5] :	[ 535 48 469 ]
[3  8  5] :	[ 130 490 86 ]
[4  8  5] :	[ 361 125 685 ]
[5  8  5] :	[ 836 168 753 ]
[6  8  5] :	[ 831 216 74 ]
[7  8  5] :	[ 722 666 663 ]
[8  8  5] :	[ 114 959 922 ]
[9  8  5] :	[ 674 264 890 ]
[10  8  5] :	[ 328 305 965 ]
[1  9  5] :	[ 698 119 438 ]
[2  9  5] :	[ 651 29 124 ]
[3  9  5] :	[ 425 979 963 ]
[4  9  5] :	[ 403 841 211 ]
[5  9  5] :	[ 228 322 630 ]
[6  9  5] :	[ 673 887 134 ]
[7  9  5] :	[ 898 255 593 ]
[8  9  5] :	[ 412 943 734 ]
[9  9  5] :	[ 634 115 924 ]
[10  9  5] :	[ 12 670 725 ]
[1  10  5] :	[ 717 528 959 ]
[2  10  5] :	[ 579 85 711 ]
[3  10  5] :	[ 419 522 319 ]
[4  10  5] :	[ 799 534 12 ]
[5  10  5] :	[ 839 339 494 ]
[6  10  5] :	[ 87 111 358 ]
[7  10  5] :	[ 430 963 410 ]
[8  10  5] :	[ 559 814 588 ]
[9  10  5] :	[ 543 890 336 ]
[10  10  5] :	[ 198 762 463 ]
[1  1  6] :	[ 657 715 399 ]
[2  1  6] :	[ 159 407 910 ]
[3  1  6] :	[ 704 147 784 ]
[4  1  6] :	[ 390 513 248 ]
[5  1  6] :	[ 833 792 87 ]
[6  1  6] :	[ 297 299 41 ]
[7  1  6] :	[ 483 608 505 ]
[8  1  6] :	[ 207 253 248 ]
[9  1  6] :	[ 275 228 207 ]
[10  1  6] :	[ 50 390 780 ]
[1  2  6] :	[ 153 229 339 ]
[2  2  6] :	[ 627 272 986 ]
[3  2  6] :	[ 472 88 842 ]
[4  2  6] :	[ 741 745 656 ]
[5  2  6] :	[ 509 487 372 ]
[6  2  6] :	[ 357 230 272 ]
[7  2  6] :	[ 641 253 259 ]
[8  2  6] :	[ 37 25 258 ]
[9  2  6] :	[ 318 838 551 ]
[10  2  6] :	[ 579 160 13 ]
[1  3  6] :	[ 9 261 290 ]
[2  3  6] :	[ 998 271 653 ]
[3  3  6] :	[ 490 256 395 ]
[4  3  6] :	[ 147 184 366 ]
[5  3  6] :	[ 701 218 375 ]
[6  3  6] :	[ 297 236 585 ]
[7  3  6] :	[ 36 781 335 ]
[8  3  6] :	[ 328 427 89 ]
[9  3  6] :	[ 61 924 696 ]
[10  3  6] :	[ 600 402 434 ]
[1  4  6] :	[ 582 310 973 ]
[2  4  6] :	[ 585 710 846 ]
[3  4  6] :	[ 895 1 216 ]
[4  4  6] :	[ 572 220 717 ]
[5  4  6] :	[ 992 133 969 ]
[6  4  6] :	[ 912 829 124 ]
[7  4  6] :	[ 374 976 156 ]
[8  4  6] :	[ 606 468 172 ]
[9  4  6] :	[ 840 887 437 ]
[10  4  6] :	[ 608 736 321 ]
[1  5  6] :	[ 543 716 315 ]
[2  5  6] :	[ 870 534 212 ]
[3  5  6] :	[ 671 812 615 ]
[4  5  6] :	[ 286 661 351 ]
[5  5  6] :	[ 20 833 782 ]
[6  5  6] :	[ 758 164 705 ]
[7  5  6] :	[ 583 363 141 ]
[8  5  6] :	[ 264 110 995 ]
[9  5  6] :	[ 96 18 878 ]
[10  5  6] :	[ 328 593 742 ]
[1  6  6] :	[ 356 306 655 ]
[2  6  6] :	[ 307 841 932 ]
[3  6  6] :	[ 600 371 774 ]
[4  6  6] :	[ 712 128 172 ]
[5  6  6] :	[ 351 561 379 ]
[6  6  6] :	[ 988 263 192 ]
[7  6  6] :	[ 849 166 937 ]
[8  6  6] :	[ 890 98 292 ]
[9  6  6] :	[ 546 95 200 ]
[10  6  6] :	[ 692 349 439 ]
[1  7  6] :	[ 691 455 606 ]
[2  7  6] :	[ 631 647 139 ]
[3  7  6] :	[ 483 207 144 ]
[4  7  6] :	[ 541 831 203 ]
[5  7  6] :	[ 996 277 664 ]
[6  7  6] :	[ 685 125 430 ]
[7  7  6] :	[ 526 515 408 ]
[8  7  6] :	[ 169 613 850 ]
[9  7  6] :	[ 50 111 726 ]
[10  7  6] :	[ 659 878 133 ]
[1  8  6] :	[ 643 969 971 ]
[2  8  6] :	[ 505 470 650 ]
[3  8  6] :	[ 169 517 887 ]
[4  8  6] :	[ 288 879 191 ]
[5  8  6] :	[ 992 107 466 ]
[6  8  6] :	[ 309 601 949 ]
[7  8  6] :	[ 310 721 467 ]
[8  8  6] :	[ 44 197 851 ]
[9  8  6] :	[ 851 697 342 ]
[10  8  6] :	[ 359 276 969 ]
[1  9  6] :	[ 797 169 132 ]
[2  9  6] :	[ 238 352 453 ]
[3  9  6] :	[ 933 749 376 ]
[4  9  6] :	[ 709 724 310 ]
[5  9  6] :	[ 167 777 114 ]
[6  9  6] :	[ 976 555 467 ]
[7  9  6] :	[ 820 796 443 ]
[8  9  6] :	[ 530 483 736 ]
[9  9  6] :	[ 925 819 748 ]
[10  9  6] :	[ 475 404 865 ]
[1  10  6] :	[ 191 41 901 ]
[2  10  6] :	[ 534 829 241 ]
[3  10  6] :	[ 302 91 283 ]
[4  10  6] :	[ 351 941 778 ]
[5  10  6] :	[ 664 861 203 ]
[6  10  6] :	[ 969 387 903 ]
[7  10  6] :	[ 366 85 911 ]
[8  10  6] :	[ 606 968 691 ]
[9  10  6] :	[ 399 798 288 ]
[10  10  6] :	[ 608 850 357 ]
[1  1  7] :	[ 544 514 72 ]
[2  1  7] :	[ 71 350 135 ]
[3  1  7] :	[ 284 993 931 ]
[4  1  7] :	[ 121 682 175 ]
[5  1  7] :	[ 309 662 587 ]
[6  1  7] :	[ 143 421 148 ]
[7  1  7] :	[ 198 597 672 ]
[8  1  7] :	[ 528 927 676 ]
[9  1  7] :	[ 999 501 659 ]
[10  1  7] :	[ 578 869 395 ]
[1  2  7] :	[ 990 433 991 ]
[2  2  7] :	[ 370 628 114 ]
[3  2  7] :	[ 731 580 746 ]
[4  2  7] :	[ 122 349 76 ]
[5  2  7] :	[ 961 733 228 ]
[6  2  7] :	[ 510 54 391 ]
[7  2  7] :	[ 168 148 262 ]
[8  2  7] :	[ 703 731 336 ]
[9  2  7] :	[ 159 436 301 ]
[10  2  7] :	[ 276 752 694 ]
[1  3  7] :	[ 261 950 381 ]
[2  3  7] :	[ 738 190 31 ]
[3  3  7] :	[ 420 37 498 ]
[4  3  7] :	[ 942 558 732 ]
[5  3  7] :	[ 283 502 691 ]
[6  3  7] :	[ 87 493 264 ]
[7  3  7] :	[ 18 518 626 ]
[8  3  7] :	[ 238 991 357 ]
[9  3  7] :	[ 370 622 168 ]
[10  3  7] :	[ 931 521 150 ]
[1  4  7] :	[ 906 410 469 ]
[2  4  7] :	[ 843 961 548 ]
[3  4  7] :	[ 349 247 862 ]
[4  4  7] :	[ 709 680 782 ]
[5  4  7] :	[ 815 486 922 ]
[6  4  7] :	[ 382 488 865 ]
[7  4  7] :	[ 968 494 793 ]
[8  4  7] :	[ 42 974 365 ]
[9  4  7] :	[ 108 15 307 ]
[10  4  7] :	[ 715 62 535 ]
[1  5  7] :	[ 669 124 14 ]
[2  5  7] :	[ 269 533 910 ]
[3  5  7] :	[ 973 912 227 ]
[4  5  7] :	[ 786 464 436 ]
[5  5  7] :	[ 828 422 268 ]
[6  5  7] :	[ 967 25 815 ]
[7  5  7] :	[ 575 497 848 ]
[8  5  7] :	[ 475 264 239 ]
[9  5  7] :	[ 809 641 538 ]
[10  5  7] :	[ 519 727 55 ]
[1  6  7] :	[ 20 933 848 ]
[2  6  7] :	[ 375 830 975 ]
[3  6  7] :	[ 429 954 815 ]
[4  6  7] :	[ 433 179 540 ]
[5  6  7] :	[ 334 668 212 ]
[6  6  7] :	[ 461 474 266 ]
[7  6  7] :	[ 288 940 585 ]
[8  6  7] :	[ 734 169 526 ]
[9  6  7] :	[ 365 555 823 ]
[10  6  7] :	[ 86 509 404 ]
[1  7  7] :	[ 100 346 78 ]
[2  7  7] :	[ 339 237 802 ]
[3  7  7] :	[ 386 511 197 ]
[4  7  7] :	[ 704 127 316 ]
[5  7  7] :	[ 457 902 922 ]
[6  7  7] :	[ 928 281 550 ]
[7  7  7] :	[ 202 841 937 ]
[8  7  7] :	[ 114 629 398 ]
[9  7  7] :	[ 577 593 782 ]
[10  7  7] :	[ 267 711 616 ]
[1  8  7] :	[ 938 480 271 ]
[2  8  7] :	[ 939 151 977 ]
[3  8  7] :	[ 326 826 696 ]
[4  8  7] :	[ 539 336 28 ]
[5  8  7] :	[ 136 643 745 ]
[6  8  7] :	[ 368 13 9 ]
[7  8  7] :	[ 351 405 84 ]
[8  8  7] :	[ 605 587 342 ]
[9  8  7] :	[ 602 388 330 ]
[10  8  7] :	[ 75 924 398 ]
[1  9  7] :	[ 343 278 44 ]
[2  9  7] :	[ 639 773 486 ]
[3  9  7] :	[ 316 792 391 ]
[4  9  7] :	[ 449 676 9 ]
[5  9  7] :	[ 435 386 240 ]
[6  9  7] :	[ 913 956 413 ]
[7  9  7] :	[ 986 424 564 ]
[8  9  7] :	[ 89 523 286 ]
[9  9  7] :	[ 359 948 741 ]
[10  9  7] :	[ 934 572 920 ]
[1  10  7] :	[ 139 874 189 ]
[2  10  7] :	[ 747 233 928 ]
[3  10  7] :	[ 403 838 336 ]
[4  10  7] :	[ 437 228 551 ]
[5  10  7] :	[ 335 55 65 ]
[6  10  7] :	[ 536 856 831 ]
[7  10  7] :	[ 277 595 294 ]
[8  10  7] :	[ 81 83 522 ]
[9  10  7] :	[ 838 17 224 ]
[10  10  7] :	[ 503 436 99 ]
[1  1  8] :	[ 838 942 183 ]
[2  1  8] :	[ 934 981 55 ]
[3  1  8] :	[ 204 860 54 ]
[4  1  8] :	[ 177 440 490 ]
[5  1  8] :	[ 137 443 212 ]
[6  1  8] :	[ 116 920 500 ]
[7  1  8] :	[ 501 338 466 ]
[8  1  8] :	[ 923 230 243 ]
[9  1  8] :	[ 548 257 674 ]
[10  1  8] :	[ 188 616 6 ]
[1  2  8] :	[ 291 545 818 ]
[2  2  8] :	[ 415 930 796 ]
[3  2  8] :	[ 632 595 333 ]
[4  2  8] :	[ 992 787 432 ]
[5  2  8] :	[ 355 928 151 ]
[6  2  8] :	[ 668 52 318 ]
[7  2  8] :	[ 191 764 145 ]
[8  2  8] :	[ 907 389 472 ]
[9  2  8] :	[ 909 711 770 ]
[10  2  8] :	[ 499 657 543 ]
[1  3  8] :	[ 285 310 432 ]
[2  3  8] :	[ 521 374 906 ]
[3  3  8] :	[ 336 564 410 ]
[4  3  8] :	[ 342 288 730 ]
[5  3  8] :	[ 149 904 577 ]
[6  3  8] :	[ 849 515 50 ]
[7  3  8] :	[ 751 102 223 ]
[8  3  8] :	[ 741 797 64 ]
[9  3  8] :	[ 820 249 519 ]
[10  3  8] :	[ 266 682 375 ]
[1  4  8] :	[ 290 530 408 ]
[2  4  8] :	[ 791 63 132 ]
[3  4  8] :	[ 800 349 669 ]
[4  4  8] :	[ 393 354 359 ]
[5  4  8] :	[ 907 405 764 ]
[6  4  8] :	[ 174 907 451 ]
[7  4  8] :	[ 423 5 529 ]
[8  4  8] :	[ 111 386 477 ]
[9  4  8] :	[ 337 191 477 ]
[10  4  8] :	[ 304 827 368 ]
[1  5  8] :	[ 546 456 113 ]
[2  5  8] :	[ 901 941 282 ]
[3  5  8] :	[ 286 838 330 ]
[4  5  8] :	[ 392 956 897 ]
[5  5  8] :	[ 944 525 313 ]
[6  5  8] :	[ 589 139 246 ]
[7  5  8] :	[ 222 250 997 ]
[8  5  8] :	[ 82 375 311 ]
[9  5  8] :	[ 223 609 623 ]
[10  5  8] :	[ 552 328 93 ]
[1  6  8] :	[ 911 90 394 ]
[2  6  8] :	[ 527 101 556 ]
[3  6  8] :	[ 225 253 149 ]
[4  6  8] :	[ 206 911 967 ]
[5  6  8] :	[ 710 807 12 ]
[6  6  8] :	[ 530 295 659 ]
[7  6  8] :	[ 759 942 510 ]
[8  6  8] :	[ 560 514 772 ]
[9  6  8] :	[ 729 377 833 ]
[10  6  8] :	[ 574 819 578 ]
[1  7  8] :	[ 123 99 168 ]
[2  7  8] :	[ 319 734 606 ]
[3  7  8] :	[ 322 648 851 ]
[4  7  8] :	[ 228 962 926 ]
[5  7  8] :	[ 202 125 896 ]
[6  7  8] :	[ 893 931 110 ]
[7  7  8] :	[ 922 617 393 ]
[8  7  8] :	[ 543 144 206 ]
[9  7  8] :	[ 897 552 410 ]
[10  7  8] :	[ 318 508 66 ]
[1  8  8] :	[ 990 409 198 ]
[2  8  8] :	[ 689 562 191 ]
[3  8  8] :	[ 498 216 837 ]
[4  8  8] :	[ 927 752 469 ]
[5  8  8] :	[ 853 49 853 ]
[6  8  8] :	[ 131 142 111 ]
[7  8  8] :	[ 6 544 418 ]
[8  8  8] :	[ 157 686 694 ]
[9  8  8] :	[ 413 512 436 ]
[10  8  8] :	[ 199 810 362 ]
[1  9  8] :	[ 626 745 944 ]
[2  9  8] :	[ 678 511 229 ]
[3  9  8] :	[ 109 786 244 ]
[4  9  8] :	[ 908 854 337 ]
[5  9  8] :	[ 572 900 583 ]
[6  9  8] :	[ 511 3 782 ]
[7  9  8] :	[ 209 28 172 ]
[8  9  8] :	[ 382 286 984 ]
[9  9  8] :	[ 971 541 296 ]
[10  9  8] :	[ 511 779 331 ]
[1  10  8] :	[ 321 82 784 ]
[2  10  8] :	[ 192 322 546 ]
[3  10  8] :	[ 939 457 640 ]
[4  10  8] :	[ 71 604 21 ]
[5  10  8] :	[ 132 875 268 ]
[6  10  8] :	[ 281 600 870 ]
[7  10  8] :	[ 52 996 705 ]
[8  10  8] :	[ 473 888 445 ]
[9  10  8] :	[ 679 374 352 ]
[10  10  8] :	[ 130 496 426 ]
[1  1  9] :	[ 155 211 25 ]
[2  1  9] :	[ 781 184 122 ]
[3  1  9] :	[ 942 989 822 ]
[4  1  9] :	[ 83 784 94 ]
[5  1  9] :	[ 986 721 639 ]
[6  1  9] :	[ 672 967 647 ]
[7  1  9] :	[ 352 321 670 ]
[8  1  9] :	[ 646 46 451 ]
[9  1  9] :	[ 321 55 17 ]
[10  1  9] :	[ 4 27 55 ]
[1  2  9] :	[ 715 395 863 ]
[2  2  9] :	[ 806 626 109 ]
[3  2  9] :	[ 279 841 377 ]
[4  2  9] :	[ 331 759 669 ]
[5  2  9] :	[ 223 424 520 ]
[6  2  9] :	[ 252 443 360 ]
[7  2  9] :	[ 65 967 845 ]
[8  2  9] :	[ 953 57 644 ]
[9  2  9] :	[ 685 306 763 ]
[10  2  9] :	[ 535 871 9 ]
[1  3  9] :	[ 867 347 180 ]
[2  3  9] :	[ 438 995 73 ]
[3  3  9] :	[ 633 965 652 ]
[4  3  9] :	[ 947 817 38 ]
[5  3  9] :	[ 647 728 189 ]
[6  3  9] :	[ 842 266 469 ]
[7  3  9] :	[ 878 659 601 ]
[8  3  9] :	[ 80 449 244 ]
[9  3  9] :	[ 465 270 561 ]
[10  3  9] :	[ 131 291 936 ]
[1  4  9] :	[ 67 304 228 ]
[2  4  9] :	[ 626 431 688 ]
[3  4  9] :	[ 425 531 798 ]
[4  4  9] :	[ 602 155 297 ]
[5  4  9] :	[ 137 750 982 ]
[6  4  9] :	[ 97 210 284 ]
[7  4  9] :	[ 659 605 939 ]
[8  4  9] :	[ 229 845 879 ]
[9  4  9] :	[ 970 828 950 ]
[10  4  9] :	[ 761 830 429 ]
[1  5  9] :	[ 701 33 80 ]
[2  5  9] :	[ 148 44 490 ]
[3  5  9] :	[ 335 858 39 ]
[4  5  9] :	[ 46 799 25 ]
[5  5  9] :	[ 304 211 259 ]
[6  5  9] :	[ 557 393 555 ]
[7  5  9] :	[ 103 40 207 ]
[8  5  9] :	[ 288 940 771 ]
[9  5  9] :	[ 163 722 942 ]
[10  5  9] :	[ 487 389 133 ]
[1  6  9] :	[ 819 23 663 ]
[2  6  9] :	[ 569 639 967 ]
[3  6  9] :	[ 143 169 377 ]
[4  6  9] :	[ 970 214 893 ]
[5  6  9] :	[ 172 617 908 ]
[6  6  9] :	[ 932 727 556 ]
[7  6  9] :	[ 448 674 226 ]
[8  6  9] :	[ 187 448 820 ]
[9  6  9] :	[ 416 368 125 ]
[10  6  9] :	[ 120 200 416 ]
[1  7  9] :	[ 746 278 250 ]
[2  7  9] :	[ 221 144 734 ]
[3  7  9] :	[ 602 412 819 ]
[4  7  9] :	[ 413 181 324 ]
[5  7  9] :	[ 550 49 504 ]
[6  7  9] :	[ 8 959 327 ]
[7  7  9] :	[ 554 617 688 ]
[8  7  9] :	[ 948 976 286 ]
[9  7  9] :	[ 142 688 276 ]
[10  7  9] :	[ 95 860 662 ]
[1  8  9] :	[ 687 724 580 ]
[2  8  9] :	[ 287 704 221 ]
[3  8  9] :	[ 85 909 87 ]
[4  8  9] :	[ 690 662 641 ]
[5  8  9] :	[ 290 729 850 ]
[6  8  9] :	[ 758 855 224 ]
[7  8  9] :	[ 774 859 312 ]
[8  8  9] :	[ 433 924 145 ]
[9  8  9] :	[ 529 325 730 ]
[10  8  9] :	[ 339 206 861 ]
[1  9  9] :	[ 654 186 507 ]
[2  9  9] :	[ 188 810 36 ]
[3  9  9] :	[ 330 778 309 ]
[4  9  9] :	[ 657 835 117 ]
[5  9  9] :	[ 636 334 197 ]
[6  9  9] :	[ 965 357 313 ]
[7  9  9] :	[ 453 47 377 ]
[8  9  9] :	[ 778 477 799 ]
[9  9  9] :	[ 785 933 845 ]
[10  9  9] :	[ 909 25 202 ]
[1  10  9] :	[ 324 502 824 ]
[2  10  9] :	[ 216 243 262 ]
[3  10  9] :	[ 726 22 824 ]
[4  10  9] :	[ 110 694 962 ]
[5  10  9] :	[ 834 949 397 ]
[6  10  9] :	[ 687 620 516 ]
[7  10  9] :	[ 229 130 625 ]
[8  10  9] :	[ 662 141 592 ]
[9  10  9] :	[ 12 147 504 ]
[10  10  9] :	[ 731 912 701 ]
[1  1  10] :	[ 174 959 79 ]
[2  1  10] :	[ 142 806 628 ]
[3  1  10] :	[ 512 325 254 ]
[4  1  10] :	[ 440 630 67 ]
[5  1  10] :	[ 592 712 193 ]
[6  1  10] :	[ 434 874 493 ]
[7  1  10] :	[ 30 545 277 ]
[8  1  10] :	[ 33 980 522 ]
[9  1  10] :	[ 674 771 213 ]
[10  1  10] :	[ 343 973 835 ]
[1  2  10] :	[ 240 122 844 ]
[2  2  10] :	[ 55 411 785 ]
[3  2  10] :	[ 525 583 774 ]
[4  2  10] :	[ 192 467 520 ]
[5  2  10] :	[ 416 531 501 ]
[6  2  10] :	[ 448 265 145 ]
[7  2  10] :	[ 88 301 434 ]
[8  2  10] :	[ 106 940 815 ]
[9  2  10] :	[ 844 490 954 ]
[10  2  10] :	[ 701 801 708 ]
[1  3  10] :	[ 21 775 615 ]
[2  3  10] :	[ 287 680 488 ]
[3  3  10] :	[ 148 159 995 ]
[4  3  10] :	[ 704 393 868 ]
[5  3  10] :	[ 347 109 790 ]
[6  3  10] :	[ 86 979 346 ]
[7  3  10] :	[ 14 538 238 ]
[8  3  10] :	[ 805 396 633 ]
[9  3  10] :	[ 518 32 949 ]
[10  3  10] :	[ 213 721 899 ]
[1  4  10] :	[ 255 313 979 ]
[2  4  10] :	[ 935 88 195 ]
[3  4  10] :	[ 9 809 664 ]
[4  4  10] :	[ 829 174 499 ]
[5  4  10] :	[ 950 547 803 ]
[6  4  10] :	[ 508 256 929 ]
[7  4  10] :	[ 816 461 645 ]
[8  4  10] :	[ 770 13 485 ]
[9  4  10] :	[ 324 650 657 ]
[10  4  10] :	[ 64 360 753 ]
[1  5  10] :	[ 112 465 415 ]
[2  5  10] :	[ 515 451 408 ]
[3  5  10] :	[ 230 180 785 ]
[4  5  10] :	[ 406 779 525 ]
[5  5  10] :	[ 77 40 795 ]
[6  5  10] :	[ 876 924 545 ]
[7  5  10] :	[ 444 19 450 ]
[8  5  10] :	[ 209 463 769 ]
[9  5  10] :	[ 178 515 992 ]
[10  5  10] :	[ 751 76 410 ]
[1  6  10] :	[ 668 463 553 ]
[2  6  10] :	[ 795 312 742 ]
[3  6  10] :	[ 377 124 622 ]
[4  6  10] :	[ 596 784 19 ]
[5  6  10] :	[ 915 762 127 ]
[6  6  10] :	[ 893 864 454 ]
[7  6  10] :	[ 499 920 562 ]
[8  6  10] :	[ 510 643 116 ]
[9  6  10] :	[ 12 551 391 ]
[10  6  10] :	[ 898 315 827 ]
[1  7  10] :	[ 556 241 417 ]
[2  7  10] :	[ 125 890 534 ]
[3  7  10] :	[ 263 526 316 ]
[4  7  10] :	[ 202 605 760 ]
[5  7  10] :	[ 65 516 494 ]
[6  7  10] :	[ 673 763 286 ]
[7  7  10] :	[ 731 588 781 ]
[8  7  10] :	[ 778 120 390 ]
[9  7  10] :	[ 388 802 435 ]
[10  7  10] :	[ 788 285 864 ]
[1  8  10] :	[ 392 531 157 ]
[2  8  10] :	[ 205 794 325 ]
[3  8  10] :	[ 780 789 214 ]
[4  8  10] :	[ 796 995 569 ]
[5  8  10] :	[ 280 149 669 ]
[6  8  10] :	[ 902 603 113 ]
[7  8  10] :	[ 294 545 928 ]
[8  8  10] :	[ 297 494 547 ]
[9  8  10] :	[ 898 406 90 ]
[10  8  10] :	[ 216 99 620 ]
[1  9  10] :	[ 788 517 769 ]
[2  9  10] :	[ 10 718 473 ]
[3  9  10] :	[ 558 81 329 ]
[4  9  10] :	[ 580 327 404 ]
[5  9  10] :	[ 96 824 751 ]
[6  9  10] :	[ 841 555 602 ]
[7  9  10] :	[ 882 13 12 ]
[8  9  10] :	[ 767 493 571 ]
[9  9  10] :	[ 98 24 149 ]
[10  9  10] :	[ 219 981 135 ]
[1  10  10] :	[ 469 731 700 ]
[2  10  10] :	[ 732 971 875 ]
[3  10  10] :	[ 570 46 231 ]
[4  10  10] :	[ 727 983 559 ]
[5  10  10] :	[ 822 926 314 ]
[6  10  10] :	[ 352 622 200 ]
[7  10  10] :	[ 821 975 688 ]
[8  10  10] :	[ 971 544 744 ]
[9  10  10] :	[ 788 871 304 ]
[10  10  10] :	[ 701 83 821 ]
