# Generated by GAMUT v1.0.1
# A Game With Uniformly Random Payoffs
# Game Parameter Values:
# Random seed:	1652520756584
# Cmd Line:	-g RandomGame -players 3 -actions 5 -normalize -min_payoff 0.01 -max_payoff 1 -int_payoffs -int_mult 100 -f RG_multi_3_5_4.txt
# Players:	3
# Actions:	5 5 5
# players:	3
# actions:	[5]
[1  1  1] :	[ 72 8 8 ]
[2  1  1] :	[ 14 44 59 ]
[3  1  1] :	[ 65 39 46 ]
[4  1  1] :	[ 82 67 16 ]
[5  1  1] :	[ 85 84 74 ]
[1  2  1] :	[ 48 18 87 ]
[2  2  1] :	[ 60 93 44 ]
[3  2  1] :	[ 52 63 77 ]
[4  2  1] :	[ 85 50 61 ]
[5  2  1] :	[ 36 52 72 ]
[1  3  1] :	[ 83 100 90 ]
[2  3  1] :	[ 93 73 97 ]
[3  3  1] :	[ 80 1 99 ]
[4  3  1] :	[ 12 99 27 ]
[5  3  1] :	[ 49 60 98 ]
[1  4  1] :	[ 3 65 53 ]
[2  4  1] :	[ 35 22 21 ]
[3  4  1] :	[ 52 9 53 ]
[4  4  1] :	[ 86 73 90 ]
[5  4  1] :	[ 36 11 5 ]
[1  5  1] :	[ 88 53 97 ]
[2  5  1] :	[ 81 7 67 ]
[3  5  1] :	[ 65 44 51 ]
[4  5  1] :	[ 64 69 31 ]
[5  5  1] :	[ 13 72 67 ]
[1  1  2] :	[ 30 16 75 ]
[2  1  2] :	[ 35 26 39 ]
[3  1  2] :	[ 54 96 90 ]
[4  1  2] :	[ 37 70 21 ]
[5  1  2] :	[ 49 71 17 ]
[1  2  2] :	[ 52 20 36 ]
[2  2  2] :	[ 53 85 55 ]
[3  2  2] :	[ 88 44 55 ]
[4  2  2] :	[ 33 36 41 ]
[5  2  2] :	[ 28 65 17 ]
[1  3  2] :	[ 37 92 2 ]
[2  3  2] :	[ 2 55 12 ]
[3  3  2] :	[ 75 89 41 ]
[4  3  2] :	[ 76 1 16 ]
[5  3  2] :	[ 46 11 45 ]
[1  4  2] :	[ 84 19 28 ]
[2  4  2] :	[ 57 62 38 ]
[3  4  2] :	[ 86 46 91 ]
[4  4  2] :	[ 65 8 77 ]
[5  4  2] :	[ 86 98 33 ]
[1  5  2] :	[ 73 28 82 ]
[2  5  2] :	[ 44 73 61 ]
[3  5  2] :	[ 39 66 53 ]
[4  5  2] :	[ 1 31 56 ]
[5  5  2] :	[ 48 71 22 ]
[1  1  3] :	[ 44 13 91 ]
[2  1  3] :	[ 44 43 83 ]
[3  1  3] :	[ 97 24 25 ]
[4  1  3] :	[ 76 3 83 ]
[5  1  3] :	[ 8 53 66 ]
[1  2  3] :	[ 83 22 7 ]
[2  2  3] :	[ 90 44 25 ]
[3  2  3] :	[ 52 89 28 ]
[4  2  3] :	[ 3 22 95 ]
[5  2  3] :	[ 53 74 11 ]
[1  3  3] :	[ 22 58 38 ]
[2  3  3] :	[ 42 15 26 ]
[3  3  3] :	[ 11 48 96 ]
[4  3  3] :	[ 46 12 46 ]
[5  3  3] :	[ 98 61 15 ]
[1  4  3] :	[ 58 19 57 ]
[2  4  3] :	[ 23 53 50 ]
[3  4  3] :	[ 93 75 62 ]
[4  4  3] :	[ 46 18 66 ]
[5  4  3] :	[ 44 77 40 ]
[1  5  3] :	[ 80 52 61 ]
[2  5  3] :	[ 82 62 2 ]
[3  5  3] :	[ 20 100 22 ]
[4  5  3] :	[ 12 22 64 ]
[5  5  3] :	[ 64 34 37 ]
[1  1  4] :	[ 8 39 94 ]
[2  1  4] :	[ 61 52 82 ]
[3  1  4] :	[ 86 45 28 ]
[4  1  4] :	[ 61 88 51 ]
[5  1  4] :	[ 15 85 97 ]
[1  2  4] :	[ 37 62 22 ]
[2  2  4] :	[ 12 56 54 ]
[3  2  4] :	[ 77 22 24 ]
[4  2  4] :	[ 100 44 97 ]
[5  2  4] :	[ 55 89 58 ]
[1  3  4] :	[ 26 71 26 ]
[2  3  4] :	[ 44 69 97 ]
[3  3  4] :	[ 58 19 59 ]
[4  3  4] :	[ 28 77 83 ]
[5  3  4] :	[ 35 7 71 ]
[1  4  4] :	[ 29 17 73 ]
[2  4  4] :	[ 4 59 26 ]
[3  4  4] :	[ 81 66 8 ]
[4  4  4] :	[ 78 26 86 ]
[5  4  4] :	[ 42 62 34 ]
[1  5  4] :	[ 33 3 73 ]
[2  5  4] :	[ 85 100 75 ]
[3  5  4] :	[ 32 59 24 ]
[4  5  4] :	[ 8 7 11 ]
[5  5  4] :	[ 41 7 14 ]
[1  1  5] :	[ 48 54 93 ]
[2  1  5] :	[ 59 48 48 ]
[3  1  5] :	[ 10 71 72 ]
[4  1  5] :	[ 61 30 24 ]
[5  1  5] :	[ 66 89 23 ]
[1  2  5] :	[ 2 9 88 ]
[2  2  5] :	[ 37 62 60 ]
[3  2  5] :	[ 95 11 29 ]
[4  2  5] :	[ 78 97 85 ]
[5  2  5] :	[ 85 31 52 ]
[1  3  5] :	[ 22 58 14 ]
[2  3  5] :	[ 31 18 95 ]
[3  3  5] :	[ 57 99 8 ]
[4  3  5] :	[ 31 1 79 ]
[5  3  5] :	[ 95 33 6 ]
[1  4  5] :	[ 88 7 71 ]
[2  4  5] :	[ 31 27 58 ]
[3  4  5] :	[ 24 59 88 ]
[4  4  5] :	[ 37 83 69 ]
[5  4  5] :	[ 79 76 29 ]
[1  5  5] :	[ 51 58 30 ]
[2  5  5] :	[ 59 44 84 ]
[3  5  5] :	[ 19 24 36 ]
[4  5  5] :	[ 22 94 95 ]
[5  5  5] :	[ 82 26 69 ]
