# Generated by GAMUT v1.0.1
# A Game With Uniformly Random Payoffs
# Game Parameter Values:
# Random seed:	1652188559157
# Cmd Line:	-g RandomGame -players 3 -actions 10 -normalize -min_payoff 0.01 -max_payoff 10 -int_payoffs -int_mult 100 -f RG_multi_3_10_3.txt
# Players:	3
# Actions:	10 10 10
# players:	3
# actions:	[10]
[1  1  1] :	[ 641 290 35 ]
[2  1  1] :	[ 446 908 240 ]
[3  1  1] :	[ 356 935 508 ]
[4  1  1] :	[ 685 574 433 ]
[5  1  1] :	[ 231 694 115 ]
[6  1  1] :	[ 225 467 441 ]
[7  1  1] :	[ 271 408 201 ]
[8  1  1] :	[ 72 878 326 ]
[9  1  1] :	[ 876 904 137 ]
[10  1  1] :	[ 850 249 522 ]
[1  2  1] :	[ 83 139 418 ]
[2  2  1] :	[ 793 462 287 ]
[3  2  1] :	[ 850 233 103 ]
[4  2  1] :	[ 502 623 381 ]
[5  2  1] :	[ 476 38 35 ]
[6  2  1] :	[ 120 808 157 ]
[7  2  1] :	[ 446 890 961 ]
[8  2  1] :	[ 811 501 811 ]
[9  2  1] :	[ 327 554 823 ]
[10  2  1] :	[ 604 133 455 ]
[1  3  1] :	[ 940 49 900 ]
[2  3  1] :	[ 423 448 403 ]
[3  3  1] :	[ 262 391 365 ]
[4  3  1] :	[ 874 982 285 ]
[5  3  1] :	[ 202 746 844 ]
[6  3  1] :	[ 557 565 210 ]
[7  3  1] :	[ 975 332 949 ]
[8  3  1] :	[ 316 323 897 ]
[9  3  1] :	[ 995 687 250 ]
[10  3  1] :	[ 351 665 820 ]
[1  4  1] :	[ 620 699 681 ]
[2  4  1] :	[ 858 338 614 ]
[3  4  1] :	[ 88 692 27 ]
[4  4  1] :	[ 334 989 134 ]
[5  4  1] :	[ 439 919 365 ]
[6  4  1] :	[ 676 189 196 ]
[7  4  1] :	[ 328 70 657 ]
[8  4  1] :	[ 195 398 525 ]
[9  4  1] :	[ 235 899 115 ]
[10  4  1] :	[ 860 583 354 ]
[1  5  1] :	[ 829 327 298 ]
[2  5  1] :	[ 20 597 165 ]
[3  5  1] :	[ 132 322 901 ]
[4  5  1] :	[ 162 960 950 ]
[5  5  1] :	[ 357 610 787 ]
[6  5  1] :	[ 408 629 109 ]
[7  5  1] :	[ 387 649 576 ]
[8  5  1] :	[ 596 632 457 ]
[9  5  1] :	[ 990 822 163 ]
[10  5  1] :	[ 355 401 272 ]
[1  6  1] :	[ 812 445 109 ]
[2  6  1] :	[ 171 119 552 ]
[3  6  1] :	[ 984 780 345 ]
[4  6  1] :	[ 450 614 687 ]
[5  6  1] :	[ 642 742 36 ]
[6  6  1] :	[ 141 389 180 ]
[7  6  1] :	[ 658 795 271 ]
[8  6  1] :	[ 825 971 398 ]
[9  6  1] :	[ 397 467 272 ]
[10  6  1] :	[ 79 557 141 ]
[1  7  1] :	[ 979 873 779 ]
[2  7  1] :	[ 430 43 57 ]
[3  7  1] :	[ 500 467 599 ]
[4  7  1] :	[ 651 973 199 ]
[5  7  1] :	[ 298 218 51 ]
[6  7  1] :	[ 526 637 661 ]
[7  7  1] :	[ 76 401 274 ]
[8  7  1] :	[ 304 459 806 ]
[9  7  1] :	[ 498 963 416 ]
[10  7  1] :	[ 833 953 63 ]
[1  8  1] :	[ 492 743 280 ]
[2  8  1] :	[ 106 730 976 ]
[3  8  1] :	[ 545 984 782 ]
[4  8  1] :	[ 564 195 659 ]
[5  8  1] :	[ 817 303 815 ]
[6  8  1] :	[ 733 831 342 ]
[7  8  1] :	[ 156 305 831 ]
[8  8  1] :	[ 537 705 289 ]
[9  8  1] :	[ 437 69 623 ]
[10  8  1] :	[ 79 601 296 ]
[1  9  1] :	[ 972 13 565 ]
[2  9  1] :	[ 791 16 637 ]
[3  9  1] :	[ 617 796 788 ]
[4  9  1] :	[ 140 932 111 ]
[5  9  1] :	[ 304 663 589 ]
[6  9  1] :	[ 538 513 436 ]
[7  9  1] :	[ 820 601 577 ]
[8  9  1] :	[ 766 717 156 ]
[9  9  1] :	[ 96 2 895 ]
[10  9  1] :	[ 944 705 496 ]
[1  10  1] :	[ 59 849 819 ]
[2  10  1] :	[ 459 44 830 ]
[3  10  1] :	[ 402 339 651 ]
[4  10  1] :	[ 81 327 30 ]
[5  10  1] :	[ 507 933 277 ]
[6  10  1] :	[ 792 284 461 ]
[7  10  1] :	[ 163 207 814 ]
[8  10  1] :	[ 494 715 901 ]
[9  10  1] :	[ 46 993 260 ]
[10  10  1] :	[ 51 308 340 ]
[1  1  2] :	[ 660 856 73 ]
[2  1  2] :	[ 113 98 307 ]
[3  1  2] :	[ 259 359 632 ]
[4  1  2] :	[ 518 106 187 ]
[5  1  2] :	[ 483 870 857 ]
[6  1  2] :	[ 759 571 989 ]
[7  1  2] :	[ 786 410 156 ]
[8  1  2] :	[ 304 589 642 ]
[9  1  2] :	[ 323 591 811 ]
[10  1  2] :	[ 260 682 419 ]
[1  2  2] :	[ 767 701 866 ]
[2  2  2] :	[ 855 349 955 ]
[3  2  2] :	[ 344 154 248 ]
[4  2  2] :	[ 98 600 401 ]
[5  2  2] :	[ 364 569 972 ]
[6  2  2] :	[ 226 588 808 ]
[7  2  2] :	[ 280 806 743 ]
[8  2  2] :	[ 750 942 309 ]
[9  2  2] :	[ 171 999 432 ]
[10  2  2] :	[ 839 363 201 ]
[1  3  2] :	[ 781 724 68 ]
[2  3  2] :	[ 229 332 661 ]
[3  3  2] :	[ 500 364 97 ]
[4  3  2] :	[ 870 656 522 ]
[5  3  2] :	[ 877 862 224 ]
[6  3  2] :	[ 966 786 893 ]
[7  3  2] :	[ 266 629 925 ]
[8  3  2] :	[ 447 671 373 ]
[9  3  2] :	[ 726 335 358 ]
[10  3  2] :	[ 10 954 137 ]
[1  4  2] :	[ 336 907 405 ]
[2  4  2] :	[ 729 37 347 ]
[3  4  2] :	[ 102 588 789 ]
[4  4  2] :	[ 570 212 420 ]
[5  4  2] :	[ 879 643 929 ]
[6  4  2] :	[ 408 451 834 ]
[7  4  2] :	[ 323 46 375 ]
[8  4  2] :	[ 196 490 64 ]
[9  4  2] :	[ 323 441 406 ]
[10  4  2] :	[ 469 491 4 ]
[1  5  2] :	[ 532 63 823 ]
[2  5  2] :	[ 372 592 110 ]
[3  5  2] :	[ 121 412 918 ]
[4  5  2] :	[ 11 115 417 ]
[5  5  2] :	[ 429 940 456 ]
[6  5  2] :	[ 30 598 407 ]
[7  5  2] :	[ 575 32 763 ]
[8  5  2] :	[ 613 531 244 ]
[9  5  2] :	[ 707 297 305 ]
[10  5  2] :	[ 387 770 478 ]
[1  6  2] :	[ 471 860 636 ]
[2  6  2] :	[ 145 808 802 ]
[3  6  2] :	[ 576 463 215 ]
[4  6  2] :	[ 686 137 535 ]
[5  6  2] :	[ 253 986 192 ]
[6  6  2] :	[ 64 719 91 ]
[7  6  2] :	[ 819 570 948 ]
[8  6  2] :	[ 755 703 924 ]
[9  6  2] :	[ 931 863 593 ]
[10  6  2] :	[ 72 935 157 ]
[1  7  2] :	[ 933 755 35 ]
[2  7  2] :	[ 903 910 961 ]
[3  7  2] :	[ 834 180 37 ]
[4  7  2] :	[ 572 747 550 ]
[5  7  2] :	[ 883 417 345 ]
[6  7  2] :	[ 468 714 496 ]
[7  7  2] :	[ 686 606 599 ]
[8  7  2] :	[ 684 41 723 ]
[9  7  2] :	[ 34 595 68 ]
[10  7  2] :	[ 342 234 642 ]
[1  8  2] :	[ 364 713 37 ]
[2  8  2] :	[ 522 269 58 ]
[3  8  2] :	[ 777 502 939 ]
[4  8  2] :	[ 67 607 918 ]
[5  8  2] :	[ 15 968 464 ]
[6  8  2] :	[ 231 638 279 ]
[7  8  2] :	[ 297 837 209 ]
[8  8  2] :	[ 497 235 592 ]
[9  8  2] :	[ 998 608 71 ]
[10  8  2] :	[ 663 684 251 ]
[1  9  2] :	[ 825 885 931 ]
[2  9  2] :	[ 776 184 278 ]
[3  9  2] :	[ 386 253 282 ]
[4  9  2] :	[ 771 826 669 ]
[5  9  2] :	[ 631 443 760 ]
[6  9  2] :	[ 205 31 791 ]
[7  9  2] :	[ 473 444 894 ]
[8  9  2] :	[ 660 366 862 ]
[9  9  2] :	[ 793 426 440 ]
[10  9  2] :	[ 725 935 979 ]
[1  10  2] :	[ 985 788 952 ]
[2  10  2] :	[ 841 789 825 ]
[3  10  2] :	[ 636 501 743 ]
[4  10  2] :	[ 74 190 649 ]
[5  10  2] :	[ 292 146 163 ]
[6  10  2] :	[ 563 10 790 ]
[7  10  2] :	[ 491 316 526 ]
[8  10  2] :	[ 208 936 835 ]
[9  10  2] :	[ 108 252 829 ]
[10  10  2] :	[ 87 511 965 ]
[1  1  3] :	[ 180 839 91 ]
[2  1  3] :	[ 371 132 515 ]
[3  1  3] :	[ 759 342 254 ]
[4  1  3] :	[ 599 112 669 ]
[5  1  3] :	[ 340 990 905 ]
[6  1  3] :	[ 165 227 430 ]
[7  1  3] :	[ 158 737 666 ]
[8  1  3] :	[ 853 294 915 ]
[9  1  3] :	[ 389 106 157 ]
[10  1  3] :	[ 199 363 975 ]
[1  2  3] :	[ 185 977 674 ]
[2  2  3] :	[ 879 746 473 ]
[3  2  3] :	[ 594 910 450 ]
[4  2  3] :	[ 311 191 105 ]
[5  2  3] :	[ 198 898 239 ]
[6  2  3] :	[ 986 932 715 ]
[7  2  3] :	[ 318 445 292 ]
[8  2  3] :	[ 5 705 941 ]
[9  2  3] :	[ 837 127 76 ]
[10  2  3] :	[ 911 149 992 ]
[1  3  3] :	[ 101 975 813 ]
[2  3  3] :	[ 608 730 208 ]
[3  3  3] :	[ 283 718 324 ]
[4  3  3] :	[ 334 620 965 ]
[5  3  3] :	[ 834 133 414 ]
[6  3  3] :	[ 741 912 773 ]
[7  3  3] :	[ 515 169 161 ]
[8  3  3] :	[ 23 785 217 ]
[9  3  3] :	[ 746 535 767 ]
[10  3  3] :	[ 995 246 465 ]
[1  4  3] :	[ 27 712 912 ]
[2  4  3] :	[ 685 933 579 ]
[3  4  3] :	[ 486 795 822 ]
[4  4  3] :	[ 222 339 929 ]
[5  4  3] :	[ 793 783 997 ]
[6  4  3] :	[ 78 899 944 ]
[7  4  3] :	[ 4 281 94 ]
[8  4  3] :	[ 586 712 598 ]
[9  4  3] :	[ 123 625 824 ]
[10  4  3] :	[ 172 486 887 ]
[1  5  3] :	[ 390 78 692 ]
[2  5  3] :	[ 503 551 897 ]
[3  5  3] :	[ 312 429 530 ]
[4  5  3] :	[ 111 734 178 ]
[5  5  3] :	[ 234 481 124 ]
[6  5  3] :	[ 735 364 560 ]
[7  5  3] :	[ 790 932 120 ]
[8  5  3] :	[ 347 90 277 ]
[9  5  3] :	[ 416 897 989 ]
[10  5  3] :	[ 328 39 390 ]
[1  6  3] :	[ 676 253 307 ]
[2  6  3] :	[ 733 897 104 ]
[3  6  3] :	[ 627 332 253 ]
[4  6  3] :	[ 692 787 13 ]
[5  6  3] :	[ 348 702 961 ]
[6  6  3] :	[ 450 506 782 ]
[7  6  3] :	[ 179 632 740 ]
[8  6  3] :	[ 954 432 68 ]
[9  6  3] :	[ 826 611 708 ]
[10  6  3] :	[ 445 596 733 ]
[1  7  3] :	[ 956 398 40 ]
[2  7  3] :	[ 750 423 913 ]
[3  7  3] :	[ 389 626 837 ]
[4  7  3] :	[ 615 145 340 ]
[5  7  3] :	[ 646 883 907 ]
[6  7  3] :	[ 925 871 273 ]
[7  7  3] :	[ 944 621 190 ]
[8  7  3] :	[ 226 688 491 ]
[9  7  3] :	[ 527 411 709 ]
[10  7  3] :	[ 78 774 327 ]
[1  8  3] :	[ 271 276 279 ]
[2  8  3] :	[ 994 285 614 ]
[3  8  3] :	[ 356 673 306 ]
[4  8  3] :	[ 581 429 516 ]
[5  8  3] :	[ 269 456 337 ]
[6  8  3] :	[ 17 780 329 ]
[7  8  3] :	[ 993 901 165 ]
[8  8  3] :	[ 684 843 851 ]
[9  8  3] :	[ 886 906 499 ]
[10  8  3] :	[ 65 654 593 ]
[1  9  3] :	[ 549 206 288 ]
[2  9  3] :	[ 384 752 737 ]
[3  9  3] :	[ 370 284 738 ]
[4  9  3] :	[ 968 826 163 ]
[5  9  3] :	[ 932 422 841 ]
[6  9  3] :	[ 178 564 258 ]
[7  9  3] :	[ 917 340 578 ]
[8  9  3] :	[ 602 480 383 ]
[9  9  3] :	[ 721 551 161 ]
[10  9  3] :	[ 351 304 549 ]
[1  10  3] :	[ 759 63 976 ]
[2  10  3] :	[ 581 947 693 ]
[3  10  3] :	[ 325 359 989 ]
[4  10  3] :	[ 269 279 227 ]
[5  10  3] :	[ 60 770 130 ]
[6  10  3] :	[ 74 326 882 ]
[7  10  3] :	[ 387 890 555 ]
[8  10  3] :	[ 171 879 995 ]
[9  10  3] :	[ 900 607 239 ]
[10  10  3] :	[ 96 441 919 ]
[1  1  4] :	[ 357 570 235 ]
[2  1  4] :	[ 189 511 305 ]
[3  1  4] :	[ 916 514 563 ]
[4  1  4] :	[ 442 314 277 ]
[5  1  4] :	[ 84 177 195 ]
[6  1  4] :	[ 788 280 545 ]
[7  1  4] :	[ 975 612 346 ]
[8  1  4] :	[ 773 182 907 ]
[9  1  4] :	[ 191 351 504 ]
[10  1  4] :	[ 473 583 439 ]
[1  2  4] :	[ 524 45 380 ]
[2  2  4] :	[ 628 583 532 ]
[3  2  4] :	[ 875 340 804 ]
[4  2  4] :	[ 545 312 331 ]
[5  2  4] :	[ 981 580 220 ]
[6  2  4] :	[ 918 893 616 ]
[7  2  4] :	[ 593 476 641 ]
[8  2  4] :	[ 771 844 729 ]
[9  2  4] :	[ 738 854 132 ]
[10  2  4] :	[ 134 46 316 ]
[1  3  4] :	[ 910 411 98 ]
[2  3  4] :	[ 162 501 874 ]
[3  3  4] :	[ 16 816 63 ]
[4  3  4] :	[ 776 999 844 ]
[5  3  4] :	[ 601 307 331 ]
[6  3  4] :	[ 642 538 253 ]
[7  3  4] :	[ 937 946 951 ]
[8  3  4] :	[ 554 822 49 ]
[9  3  4] :	[ 779 180 82 ]
[10  3  4] :	[ 123 186 794 ]
[1  4  4] :	[ 825 945 780 ]
[2  4  4] :	[ 677 12 603 ]
[3  4  4] :	[ 600 214 141 ]
[4  4  4] :	[ 497 593 92 ]
[5  4  4] :	[ 751 38 812 ]
[6  4  4] :	[ 3 898 987 ]
[7  4  4] :	[ 735 257 124 ]
[8  4  4] :	[ 292 885 244 ]
[9  4  4] :	[ 964 612 422 ]
[10  4  4] :	[ 39 689 474 ]
[1  5  4] :	[ 486 815 798 ]
[2  5  4] :	[ 131 855 930 ]
[3  5  4] :	[ 796 756 915 ]
[4  5  4] :	[ 665 884 561 ]
[5  5  4] :	[ 19 668 506 ]
[6  5  4] :	[ 791 88 74 ]
[7  5  4] :	[ 152 324 675 ]
[8  5  4] :	[ 106 409 766 ]
[9  5  4] :	[ 797 769 17 ]
[10  5  4] :	[ 537 543 843 ]
[1  6  4] :	[ 617 406 847 ]
[2  6  4] :	[ 5 942 361 ]
[3  6  4] :	[ 843 348 435 ]
[4  6  4] :	[ 465 881 966 ]
[5  6  4] :	[ 666 592 677 ]
[6  6  4] :	[ 549 483 521 ]
[7  6  4] :	[ 990 117 483 ]
[8  6  4] :	[ 914 953 151 ]
[9  6  4] :	[ 306 108 435 ]
[10  6  4] :	[ 346 229 492 ]
[1  7  4] :	[ 798 147 710 ]
[2  7  4] :	[ 497 60 41 ]
[3  7  4] :	[ 872 831 682 ]
[4  7  4] :	[ 286 381 686 ]
[5  7  4] :	[ 238 432 831 ]
[6  7  4] :	[ 81 699 455 ]
[7  7  4] :	[ 517 367 417 ]
[8  7  4] :	[ 838 444 201 ]
[9  7  4] :	[ 717 242 530 ]
[10  7  4] :	[ 962 612 662 ]
[1  8  4] :	[ 208 676 356 ]
[2  8  4] :	[ 155 60 998 ]
[3  8  4] :	[ 417 262 700 ]
[4  8  4] :	[ 695 992 234 ]
[5  8  4] :	[ 833 386 369 ]
[6  8  4] :	[ 57 320 978 ]
[7  8  4] :	[ 258 46 131 ]
[8  8  4] :	[ 399 757 473 ]
[9  8  4] :	[ 238 674 729 ]
[10  8  4] :	[ 306 891 409 ]
[1  9  4] :	[ 187 609 213 ]
[2  9  4] :	[ 1000 774 611 ]
[3  9  4] :	[ 709 669 507 ]
[4  9  4] :	[ 717 157 562 ]
[5  9  4] :	[ 762 12 253 ]
[6  9  4] :	[ 700 911 874 ]
[7  9  4] :	[ 602 514 82 ]
[8  9  4] :	[ 434 878 91 ]
[9  9  4] :	[ 307 456 460 ]
[10  9  4] :	[ 997 688 171 ]
[1  10  4] :	[ 446 742 283 ]
[2  10  4] :	[ 267 714 524 ]
[3  10  4] :	[ 137 936 613 ]
[4  10  4] :	[ 873 249 456 ]
[5  10  4] :	[ 947 243 294 ]
[6  10  4] :	[ 222 136 336 ]
[7  10  4] :	[ 593 565 848 ]
[8  10  4] :	[ 249 203 948 ]
[9  10  4] :	[ 920 33 928 ]
[10  10  4] :	[ 336 84 376 ]
[1  1  5] :	[ 797 639 884 ]
[2  1  5] :	[ 493 762 128 ]
[3  1  5] :	[ 191 137 426 ]
[4  1  5] :	[ 617 849 919 ]
[5  1  5] :	[ 176 71 372 ]
[6  1  5] :	[ 744 391 949 ]
[7  1  5] :	[ 31 223 342 ]
[8  1  5] :	[ 308 358 387 ]
[9  1  5] :	[ 963 143 861 ]
[10  1  5] :	[ 894 960 949 ]
[1  2  5] :	[ 701 185 576 ]
[2  2  5] :	[ 815 182 715 ]
[3  2  5] :	[ 949 585 183 ]
[4  2  5] :	[ 498 159 843 ]
[5  2  5] :	[ 69 645 972 ]
[6  2  5] :	[ 495 189 522 ]
[7  2  5] :	[ 808 711 814 ]
[8  2  5] :	[ 417 624 892 ]
[9  2  5] :	[ 237 336 273 ]
[10  2  5] :	[ 62 829 647 ]
[1  3  5] :	[ 380 836 13 ]
[2  3  5] :	[ 832 934 678 ]
[3  3  5] :	[ 493 507 608 ]
[4  3  5] :	[ 662 594 217 ]
[5  3  5] :	[ 263 394 211 ]
[6  3  5] :	[ 269 262 44 ]
[7  3  5] :	[ 727 974 939 ]
[8  3  5] :	[ 658 205 257 ]
[9  3  5] :	[ 54 70 326 ]
[10  3  5] :	[ 515 111 755 ]
[1  4  5] :	[ 813 25 215 ]
[2  4  5] :	[ 912 567 891 ]
[3  4  5] :	[ 485 911 298 ]
[4  4  5] :	[ 794 160 991 ]
[5  4  5] :	[ 243 288 208 ]
[6  4  5] :	[ 776 458 469 ]
[7  4  5] :	[ 641 711 249 ]
[8  4  5] :	[ 188 757 21 ]
[9  4  5] :	[ 541 761 231 ]
[10  4  5] :	[ 163 371 417 ]
[1  5  5] :	[ 283 35 241 ]
[2  5  5] :	[ 240 204 384 ]
[3  5  5] :	[ 748 464 112 ]
[4  5  5] :	[ 971 794 357 ]
[5  5  5] :	[ 161 50 665 ]
[6  5  5] :	[ 776 385 614 ]
[7  5  5] :	[ 445 736 967 ]
[8  5  5] :	[ 710 571 936 ]
[9  5  5] :	[ 14 816 794 ]
[10  5  5] :	[ 289 847 923 ]
[1  6  5] :	[ 460 914 422 ]
[2  6  5] :	[ 495 817 953 ]
[3  6  5] :	[ 706 919 16 ]
[4  6  5] :	[ 808 790 420 ]
[5  6  5] :	[ 547 107 26 ]
[6  6  5] :	[ 639 164 754 ]
[7  6  5] :	[ 737 283 714 ]
[8  6  5] :	[ 953 894 268 ]
[9  6  5] :	[ 920 928 673 ]
[10  6  5] :	[ 792 845 438 ]
[1  7  5] :	[ 33 633 688 ]
[2  7  5] :	[ 821 251 767 ]
[3  7  5] :	[ 603 485 866 ]
[4  7  5] :	[ 68 396 207 ]
[5  7  5] :	[ 650 493 383 ]
[6  7  5] :	[ 615 998 614 ]
[7  7  5] :	[ 114 482 639 ]
[8  7  5] :	[ 802 429 244 ]
[9  7  5] :	[ 658 673 55 ]
[10  7  5] :	[ 305 611 630 ]
[1  8  5] :	[ 1000 200 954 ]
[2  8  5] :	[ 468 96 704 ]
[3  8  5] :	[ 78 39 349 ]
[4  8  5] :	[ 283 21 928 ]
[5  8  5] :	[ 219 93 298 ]
[6  8  5] :	[ 931 532 896 ]
[7  8  5] :	[ 379 868 511 ]
[8  8  5] :	[ 843 25 967 ]
[9  8  5] :	[ 325 61 112 ]
[10  8  5] :	[ 565 624 381 ]
[1  9  5] :	[ 555 398 766 ]
[2  9  5] :	[ 364 662 97 ]
[3  9  5] :	[ 836 938 559 ]
[4  9  5] :	[ 812 82 639 ]
[5  9  5] :	[ 361 67 108 ]
[6  9  5] :	[ 417 380 50 ]
[7  9  5] :	[ 29 427 996 ]
[8  9  5] :	[ 564 774 33 ]
[9  9  5] :	[ 771 742 925 ]
[10  9  5] :	[ 524 15 480 ]
[1  10  5] :	[ 785 651 276 ]
[2  10  5] :	[ 243 867 169 ]
[3  10  5] :	[ 193 544 608 ]
[4  10  5] :	[ 18 701 922 ]
[5  10  5] :	[ 931 652 848 ]
[6  10  5] :	[ 689 218 276 ]
[7  10  5] :	[ 402 70 356 ]
[8  10  5] :	[ 432 929 612 ]
[9  10  5] :	[ 800 486 327 ]
[10  10  5] :	[ 893 990 18 ]
[1  1  6] :	[ 567 645 66 ]
[2  1  6] :	[ 31 30 349 ]
[3  1  6] :	[ 516 207 915 ]
[4  1  6] :	[ 291 329 118 ]
[5  1  6] :	[ 112 790 220 ]
[6  1  6] :	[ 449 369 54 ]
[7  1  6] :	[ 729 779 795 ]
[8  1  6] :	[ 687 339 411 ]
[9  1  6] :	[ 486 405 260 ]
[10  1  6] :	[ 70 589 881 ]
[1  2  6] :	[ 235 26 195 ]
[2  2  6] :	[ 21 480 354 ]
[3  2  6] :	[ 253 134 934 ]
[4  2  6] :	[ 577 128 637 ]
[5  2  6] :	[ 64 901 511 ]
[6  2  6] :	[ 947 790 643 ]
[7  2  6] :	[ 148 149 581 ]
[8  2  6] :	[ 173 235 903 ]
[9  2  6] :	[ 289 915 420 ]
[10  2  6] :	[ 799 157 509 ]
[1  3  6] :	[ 38 993 278 ]
[2  3  6] :	[ 222 589 598 ]
[3  3  6] :	[ 891 122 503 ]
[4  3  6] :	[ 698 127 290 ]
[5  3  6] :	[ 910 303 201 ]
[6  3  6] :	[ 582 484 788 ]
[7  3  6] :	[ 592 57 411 ]
[8  3  6] :	[ 602 464 212 ]
[9  3  6] :	[ 208 96 404 ]
[10  3  6] :	[ 576 410 344 ]
[1  4  6] :	[ 622 80 114 ]
[2  4  6] :	[ 737 856 817 ]
[3  4  6] :	[ 987 939 627 ]
[4  4  6] :	[ 499 649 530 ]
[5  4  6] :	[ 896 918 221 ]
[6  4  6] :	[ 288 879 229 ]
[7  4  6] :	[ 484 589 513 ]
[8  4  6] :	[ 685 294 858 ]
[9  4  6] :	[ 58 782 829 ]
[10  4  6] :	[ 347 413 384 ]
[1  5  6] :	[ 781 765 970 ]
[2  5  6] :	[ 537 845 473 ]
[3  5  6] :	[ 279 144 714 ]
[4  5  6] :	[ 972 342 561 ]
[5  5  6] :	[ 319 449 117 ]
[6  5  6] :	[ 503 245 976 ]
[7  5  6] :	[ 667 330 88 ]
[8  5  6] :	[ 768 462 908 ]
[9  5  6] :	[ 7 592 523 ]
[10  5  6] :	[ 772 910 17 ]
[1  6  6] :	[ 466 217 479 ]
[2  6  6] :	[ 696 2 304 ]
[3  6  6] :	[ 735 306 139 ]
[4  6  6] :	[ 499 964 37 ]
[5  6  6] :	[ 136 790 585 ]
[6  6  6] :	[ 812 255 704 ]
[7  6  6] :	[ 993 494 482 ]
[8  6  6] :	[ 601 502 400 ]
[9  6  6] :	[ 702 963 239 ]
[10  6  6] :	[ 381 237 196 ]
[1  7  6] :	[ 273 569 286 ]
[2  7  6] :	[ 618 291 656 ]
[3  7  6] :	[ 551 903 884 ]
[4  7  6] :	[ 218 266 237 ]
[5  7  6] :	[ 843 176 913 ]
[6  7  6] :	[ 824 914 959 ]
[7  7  6] :	[ 139 205 151 ]
[8  7  6] :	[ 316 776 44 ]
[9  7  6] :	[ 318 975 436 ]
[10  7  6] :	[ 655 829 618 ]
[1  8  6] :	[ 786 565 323 ]
[2  8  6] :	[ 647 562 825 ]
[3  8  6] :	[ 325 289 291 ]
[4  8  6] :	[ 643 375 464 ]
[5  8  6] :	[ 941 106 645 ]
[6  8  6] :	[ 680 1 452 ]
[7  8  6] :	[ 353 919 978 ]
[8  8  6] :	[ 366 176 121 ]
[9  8  6] :	[ 958 257 516 ]
[10  8  6] :	[ 417 634 326 ]
[1  9  6] :	[ 667 691 204 ]
[2  9  6] :	[ 508 862 400 ]
[3  9  6] :	[ 596 49 728 ]
[4  9  6] :	[ 835 785 551 ]
[5  9  6] :	[ 896 201 348 ]
[6  9  6] :	[ 843 399 884 ]
[7  9  6] :	[ 10 863 976 ]
[8  9  6] :	[ 351 639 129 ]
[9  9  6] :	[ 649 897 70 ]
[10  9  6] :	[ 994 718 341 ]
[1  10  6] :	[ 123 66 862 ]
[2  10  6] :	[ 393 457 646 ]
[3  10  6] :	[ 159 52 194 ]
[4  10  6] :	[ 997 662 871 ]
[5  10  6] :	[ 787 562 633 ]
[6  10  6] :	[ 380 287 12 ]
[7  10  6] :	[ 647 208 950 ]
[8  10  6] :	[ 142 575 755 ]
[9  10  6] :	[ 158 168 871 ]
[10  10  6] :	[ 303 714 975 ]
[1  1  7] :	[ 698 568 913 ]
[2  1  7] :	[ 186 151 592 ]
[3  1  7] :	[ 191 714 263 ]
[4  1  7] :	[ 735 815 662 ]
[5  1  7] :	[ 528 288 794 ]
[6  1  7] :	[ 946 385 884 ]
[7  1  7] :	[ 128 97 484 ]
[8  1  7] :	[ 450 598 14 ]
[9  1  7] :	[ 600 912 516 ]
[10  1  7] :	[ 294 711 268 ]
[1  2  7] :	[ 234 946 131 ]
[2  2  7] :	[ 890 787 927 ]
[3  2  7] :	[ 557 155 715 ]
[4  2  7] :	[ 932 574 561 ]
[5  2  7] :	[ 970 339 439 ]
[6  2  7] :	[ 520 848 999 ]
[7  2  7] :	[ 953 916 21 ]
[8  2  7] :	[ 840 842 335 ]
[9  2  7] :	[ 107 847 355 ]
[10  2  7] :	[ 595 661 108 ]
[1  3  7] :	[ 706 855 134 ]
[2  3  7] :	[ 986 601 80 ]
[3  3  7] :	[ 130 433 307 ]
[4  3  7] :	[ 112 243 626 ]
[5  3  7] :	[ 661 944 861 ]
[6  3  7] :	[ 908 943 31 ]
[7  3  7] :	[ 587 976 768 ]
[8  3  7] :	[ 633 355 835 ]
[9  3  7] :	[ 30 303 871 ]
[10  3  7] :	[ 898 439 507 ]
[1  4  7] :	[ 773 904 409 ]
[2  4  7] :	[ 361 760 70 ]
[3  4  7] :	[ 855 152 10 ]
[4  4  7] :	[ 956 986 76 ]
[5  4  7] :	[ 380 103 327 ]
[6  4  7] :	[ 183 277 368 ]
[7  4  7] :	[ 998 42 549 ]
[8  4  7] :	[ 272 772 39 ]
[9  4  7] :	[ 465 367 515 ]
[10  4  7] :	[ 558 644 803 ]
[1  5  7] :	[ 438 492 790 ]
[2  5  7] :	[ 826 988 676 ]
[3  5  7] :	[ 229 874 310 ]
[4  5  7] :	[ 879 515 335 ]
[5  5  7] :	[ 954 913 865 ]
[6  5  7] :	[ 769 926 277 ]
[7  5  7] :	[ 745 604 196 ]
[8  5  7] :	[ 514 720 861 ]
[9  5  7] :	[ 544 116 588 ]
[10  5  7] :	[ 501 961 360 ]
[1  6  7] :	[ 896 334 867 ]
[2  6  7] :	[ 979 176 263 ]
[3  6  7] :	[ 75 892 599 ]
[4  6  7] :	[ 839 803 556 ]
[5  6  7] :	[ 336 700 3 ]
[6  6  7] :	[ 663 559 509 ]
[7  6  7] :	[ 933 9 921 ]
[8  6  7] :	[ 427 231 383 ]
[9  6  7] :	[ 340 979 681 ]
[10  6  7] :	[ 220 75 428 ]
[1  7  7] :	[ 518 568 439 ]
[2  7  7] :	[ 387 366 684 ]
[3  7  7] :	[ 940 511 863 ]
[4  7  7] :	[ 155 303 481 ]
[5  7  7] :	[ 602 8 597 ]
[6  7  7] :	[ 447 269 703 ]
[7  7  7] :	[ 683 298 760 ]
[8  7  7] :	[ 266 238 842 ]
[9  7  7] :	[ 633 34 951 ]
[10  7  7] :	[ 60 434 711 ]
[1  8  7] :	[ 844 50 351 ]
[2  8  7] :	[ 433 277 239 ]
[3  8  7] :	[ 136 560 909 ]
[4  8  7] :	[ 672 457 774 ]
[5  8  7] :	[ 817 945 657 ]
[6  8  7] :	[ 851 941 448 ]
[7  8  7] :	[ 394 171 309 ]
[8  8  7] :	[ 81 822 616 ]
[9  8  7] :	[ 796 585 731 ]
[10  8  7] :	[ 38 700 914 ]
[1  9  7] :	[ 579 846 96 ]
[2  9  7] :	[ 825 430 647 ]
[3  9  7] :	[ 732 34 635 ]
[4  9  7] :	[ 997 250 806 ]
[5  9  7] :	[ 471 577 600 ]
[6  9  7] :	[ 821 104 17 ]
[7  9  7] :	[ 860 518 938 ]
[8  9  7] :	[ 634 100 892 ]
[9  9  7] :	[ 857 137 517 ]
[10  9  7] :	[ 895 886 131 ]
[1  10  7] :	[ 894 173 551 ]
[2  10  7] :	[ 916 261 856 ]
[3  10  7] :	[ 569 631 803 ]
[4  10  7] :	[ 539 523 274 ]
[5  10  7] :	[ 234 340 876 ]
[6  10  7] :	[ 518 255 199 ]
[7  10  7] :	[ 24 501 282 ]
[8  10  7] :	[ 134 40 4 ]
[9  10  7] :	[ 293 230 494 ]
[10  10  7] :	[ 481 532 546 ]
[1  1  8] :	[ 956 448 796 ]
[2  1  8] :	[ 963 827 628 ]
[3  1  8] :	[ 219 233 708 ]
[4  1  8] :	[ 83 782 137 ]
[5  1  8] :	[ 848 256 264 ]
[6  1  8] :	[ 715 102 531 ]
[7  1  8] :	[ 967 979 443 ]
[8  1  8] :	[ 385 398 394 ]
[9  1  8] :	[ 324 712 949 ]
[10  1  8] :	[ 673 63 213 ]
[1  2  8] :	[ 831 124 27 ]
[2  2  8] :	[ 2 681 851 ]
[3  2  8] :	[ 550 751 748 ]
[4  2  8] :	[ 622 450 768 ]
[5  2  8] :	[ 117 74 496 ]
[6  2  8] :	[ 346 140 293 ]
[7  2  8] :	[ 382 641 178 ]
[8  2  8] :	[ 436 593 95 ]
[9  2  8] :	[ 751 243 67 ]
[10  2  8] :	[ 123 432 759 ]
[1  3  8] :	[ 674 377 157 ]
[2  3  8] :	[ 553 380 415 ]
[3  3  8] :	[ 136 20 411 ]
[4  3  8] :	[ 998 239 106 ]
[5  3  8] :	[ 847 569 524 ]
[6  3  8] :	[ 956 876 686 ]
[7  3  8] :	[ 584 508 353 ]
[8  3  8] :	[ 315 508 21 ]
[9  3  8] :	[ 409 916 567 ]
[10  3  8] :	[ 927 608 205 ]
[1  4  8] :	[ 155 102 524 ]
[2  4  8] :	[ 324 150 881 ]
[3  4  8] :	[ 721 904 611 ]
[4  4  8] :	[ 705 782 168 ]
[5  4  8] :	[ 647 278 439 ]
[6  4  8] :	[ 772 358 501 ]
[7  4  8] :	[ 867 605 7 ]
[8  4  8] :	[ 273 905 74 ]
[9  4  8] :	[ 939 427 292 ]
[10  4  8] :	[ 755 338 720 ]
[1  5  8] :	[ 8 451 565 ]
[2  5  8] :	[ 767 471 786 ]
[3  5  8] :	[ 746 298 650 ]
[4  5  8] :	[ 506 226 884 ]
[5  5  8] :	[ 93 526 707 ]
[6  5  8] :	[ 581 536 616 ]
[7  5  8] :	[ 221 527 9 ]
[8  5  8] :	[ 322 529 628 ]
[9  5  8] :	[ 282 344 238 ]
[10  5  8] :	[ 897 107 152 ]
[1  6  8] :	[ 653 880 959 ]
[2  6  8] :	[ 46 386 891 ]
[3  6  8] :	[ 849 206 822 ]
[4  6  8] :	[ 421 387 564 ]
[5  6  8] :	[ 813 205 458 ]
[6  6  8] :	[ 452 386 896 ]
[7  6  8] :	[ 755 87 828 ]
[8  6  8] :	[ 206 945 893 ]
[9  6  8] :	[ 255 650 422 ]
[10  6  8] :	[ 565 633 781 ]
[1  7  8] :	[ 443 542 283 ]
[2  7  8] :	[ 874 952 284 ]
[3  7  8] :	[ 104 556 534 ]
[4  7  8] :	[ 306 88 822 ]
[5  7  8] :	[ 743 456 230 ]
[6  7  8] :	[ 173 565 318 ]
[7  7  8] :	[ 592 387 810 ]
[8  7  8] :	[ 956 124 559 ]
[9  7  8] :	[ 117 415 789 ]
[10  7  8] :	[ 599 567 551 ]
[1  8  8] :	[ 742 351 114 ]
[2  8  8] :	[ 771 514 835 ]
[3  8  8] :	[ 682 240 710 ]
[4  8  8] :	[ 909 263 915 ]
[5  8  8] :	[ 235 803 350 ]
[6  8  8] :	[ 578 899 588 ]
[7  8  8] :	[ 796 633 136 ]
[8  8  8] :	[ 590 544 81 ]
[9  8  8] :	[ 643 204 699 ]
[10  8  8] :	[ 472 10 328 ]
[1  9  8] :	[ 103 89 749 ]
[2  9  8] :	[ 854 916 857 ]
[3  9  8] :	[ 731 285 710 ]
[4  9  8] :	[ 689 689 536 ]
[5  9  8] :	[ 204 50 331 ]
[6  9  8] :	[ 429 125 576 ]
[7  9  8] :	[ 621 226 613 ]
[8  9  8] :	[ 428 932 752 ]
[9  9  8] :	[ 216 945 128 ]
[10  9  8] :	[ 351 802 836 ]
[1  10  8] :	[ 84 929 662 ]
[2  10  8] :	[ 800 830 826 ]
[3  10  8] :	[ 635 3 249 ]
[4  10  8] :	[ 97 378 272 ]
[5  10  8] :	[ 256 83 766 ]
[6  10  8] :	[ 231 466 800 ]
[7  10  8] :	[ 1 824 618 ]
[8  10  8] :	[ 772 185 890 ]
[9  10  8] :	[ 466 425 36 ]
[10  10  8] :	[ 454 390 51 ]
[1  1  9] :	[ 907 424 747 ]
[2  1  9] :	[ 646 472 249 ]
[3  1  9] :	[ 831 650 294 ]
[4  1  9] :	[ 856 394 710 ]
[5  1  9] :	[ 963 918 848 ]
[6  1  9] :	[ 131 676 62 ]
[7  1  9] :	[ 646 586 898 ]
[8  1  9] :	[ 161 840 10 ]
[9  1  9] :	[ 267 260 492 ]
[10  1  9] :	[ 305 955 976 ]
[1  2  9] :	[ 427 692 560 ]
[2  2  9] :	[ 486 815 20 ]
[3  2  9] :	[ 952 291 195 ]
[4  2  9] :	[ 368 663 28 ]
[5  2  9] :	[ 843 599 97 ]
[6  2  9] :	[ 512 863 311 ]
[7  2  9] :	[ 287 58 941 ]
[8  2  9] :	[ 801 950 866 ]
[9  2  9] :	[ 517 251 335 ]
[10  2  9] :	[ 956 2 323 ]
[1  3  9] :	[ 699 640 785 ]
[2  3  9] :	[ 746 317 66 ]
[3  3  9] :	[ 959 294 565 ]
[4  3  9] :	[ 687 135 735 ]
[5  3  9] :	[ 16 848 201 ]
[6  3  9] :	[ 988 421 812 ]
[7  3  9] :	[ 649 686 151 ]
[8  3  9] :	[ 714 880 832 ]
[9  3  9] :	[ 970 896 954 ]
[10  3  9] :	[ 25 959 977 ]
[1  4  9] :	[ 423 986 54 ]
[2  4  9] :	[ 879 173 768 ]
[3  4  9] :	[ 930 696 727 ]
[4  4  9] :	[ 69 910 959 ]
[5  4  9] :	[ 66 536 130 ]
[6  4  9] :	[ 387 834 815 ]
[7  4  9] :	[ 498 621 743 ]
[8  4  9] :	[ 365 837 839 ]
[9  4  9] :	[ 93 720 186 ]
[10  4  9] :	[ 360 593 9 ]
[1  5  9] :	[ 440 526 82 ]
[2  5  9] :	[ 968 401 220 ]
[3  5  9] :	[ 327 640 800 ]
[4  5  9] :	[ 349 807 207 ]
[5  5  9] :	[ 80 491 279 ]
[6  5  9] :	[ 138 545 708 ]
[7  5  9] :	[ 956 950 978 ]
[8  5  9] :	[ 204 359 378 ]
[9  5  9] :	[ 995 122 212 ]
[10  5  9] :	[ 685 201 259 ]
[1  6  9] :	[ 307 215 682 ]
[2  6  9] :	[ 907 912 951 ]
[3  6  9] :	[ 508 333 126 ]
[4  6  9] :	[ 72 657 640 ]
[5  6  9] :	[ 559 980 252 ]
[6  6  9] :	[ 891 867 305 ]
[7  6  9] :	[ 66 388 959 ]
[8  6  9] :	[ 659 4 956 ]
[9  6  9] :	[ 132 796 676 ]
[10  6  9] :	[ 960 13 905 ]
[1  7  9] :	[ 228 460 954 ]
[2  7  9] :	[ 424 328 660 ]
[3  7  9] :	[ 411 716 560 ]
[4  7  9] :	[ 320 955 341 ]
[5  7  9] :	[ 511 271 774 ]
[6  7  9] :	[ 480 540 596 ]
[7  7  9] :	[ 905 255 518 ]
[8  7  9] :	[ 276 997 322 ]
[9  7  9] :	[ 874 327 99 ]
[10  7  9] :	[ 111 895 540 ]
[1  8  9] :	[ 811 546 559 ]
[2  8  9] :	[ 930 181 869 ]
[3  8  9] :	[ 139 948 846 ]
[4  8  9] :	[ 481 447 265 ]
[5  8  9] :	[ 319 302 842 ]
[6  8  9] :	[ 738 705 267 ]
[7  8  9] :	[ 93 726 873 ]
[8  8  9] :	[ 973 753 509 ]
[9  8  9] :	[ 819 394 955 ]
[10  8  9] :	[ 982 947 845 ]
[1  9  9] :	[ 456 153 110 ]
[2  9  9] :	[ 38 287 223 ]
[3  9  9] :	[ 470 174 621 ]
[4  9  9] :	[ 195 718 495 ]
[5  9  9] :	[ 302 24 706 ]
[6  9  9] :	[ 620 41 276 ]
[7  9  9] :	[ 328 274 444 ]
[8  9  9] :	[ 194 336 764 ]
[9  9  9] :	[ 903 770 851 ]
[10  9  9] :	[ 629 842 225 ]
[1  10  9] :	[ 499 434 12 ]
[2  10  9] :	[ 778 492 605 ]
[3  10  9] :	[ 283 200 449 ]
[4  10  9] :	[ 530 907 974 ]
[5  10  9] :	[ 463 879 285 ]
[6  10  9] :	[ 266 705 277 ]
[7  10  9] :	[ 104 63 868 ]
[8  10  9] :	[ 960 108 59 ]
[9  10  9] :	[ 866 70 886 ]
[10  10  9] :	[ 808 529 538 ]
[1  1  10] :	[ 770 669 450 ]
[2  1  10] :	[ 343 386 903 ]
[3  1  10] :	[ 767 45 418 ]
[4  1  10] :	[ 20 433 141 ]
[5  1  10] :	[ 888 147 414 ]
[6  1  10] :	[ 717 621 774 ]
[7  1  10] :	[ 368 317 573 ]
[8  1  10] :	[ 665 570 716 ]
[9  1  10] :	[ 429 138 226 ]
[10  1  10] :	[ 523 159 191 ]
[1  2  10] :	[ 886 109 273 ]
[2  2  10] :	[ 152 359 440 ]
[3  2  10] :	[ 140 603 369 ]
[4  2  10] :	[ 752 36 368 ]
[5  2  10] :	[ 235 899 590 ]
[6  2  10] :	[ 245 8 391 ]
[7  2  10] :	[ 882 986 823 ]
[8  2  10] :	[ 838 732 745 ]
[9  2  10] :	[ 717 514 682 ]
[10  2  10] :	[ 854 789 260 ]
[1  3  10] :	[ 724 328 379 ]
[2  3  10] :	[ 771 99 907 ]
[3  3  10] :	[ 890 620 387 ]
[4  3  10] :	[ 859 997 3 ]
[5  3  10] :	[ 678 936 212 ]
[6  3  10] :	[ 324 806 116 ]
[7  3  10] :	[ 245 181 529 ]
[8  3  10] :	[ 786 140 248 ]
[9  3  10] :	[ 44 3 900 ]
[10  3  10] :	[ 813 420 352 ]
[1  4  10] :	[ 222 479 386 ]
[2  4  10] :	[ 724 974 612 ]
[3  4  10] :	[ 366 982 300 ]
[4  4  10] :	[ 675 863 144 ]
[5  4  10] :	[ 516 478 58 ]
[6  4  10] :	[ 157 568 744 ]
[7  4  10] :	[ 975 806 393 ]
[8  4  10] :	[ 99 695 551 ]
[9  4  10] :	[ 444 754 845 ]
[10  4  10] :	[ 381 542 712 ]
[1  5  10] :	[ 71 846 405 ]
[2  5  10] :	[ 250 251 500 ]
[3  5  10] :	[ 484 841 979 ]
[4  5  10] :	[ 907 174 415 ]
[5  5  10] :	[ 244 235 99 ]
[6  5  10] :	[ 45 282 183 ]
[7  5  10] :	[ 907 736 312 ]
[8  5  10] :	[ 698 950 980 ]
[9  5  10] :	[ 220 445 283 ]
[10  5  10] :	[ 113 291 518 ]
[1  6  10] :	[ 665 352 789 ]
[2  6  10] :	[ 235 617 575 ]
[3  6  10] :	[ 487 151 144 ]
[4  6  10] :	[ 509 287 615 ]
[5  6  10] :	[ 421 44 711 ]
[6  6  10] :	[ 299 622 782 ]
[7  6  10] :	[ 327 118 36 ]
[8  6  10] :	[ 805 189 901 ]
[9  6  10] :	[ 850 831 937 ]
[10  6  10] :	[ 961 237 629 ]
[1  7  10] :	[ 544 440 912 ]
[2  7  10] :	[ 572 553 948 ]
[3  7  10] :	[ 953 696 326 ]
[4  7  10] :	[ 557 448 470 ]
[5  7  10] :	[ 995 610 511 ]
[6  7  10] :	[ 776 768 215 ]
[7  7  10] :	[ 312 263 760 ]
[8  7  10] :	[ 499 12 320 ]
[9  7  10] :	[ 761 886 920 ]
[10  7  10] :	[ 410 216 718 ]
[1  8  10] :	[ 783 399 219 ]
[2  8  10] :	[ 518 818 809 ]
[3  8  10] :	[ 514 64 10 ]
[4  8  10] :	[ 656 320 252 ]
[5  8  10] :	[ 235 598 326 ]
[6  8  10] :	[ 384 960 715 ]
[7  8  10] :	[ 313 146 642 ]
[8  8  10] :	[ 80 715 30 ]
[9  8  10] :	[ 447 700 853 ]
[10  8  10] :	[ 375 589 75 ]
[1  9  10] :	[ 735 502 415 ]
[2  9  10] :	[ 809 73 665 ]
[3  9  10] :	[ 329 256 591 ]
[4  9  10] :	[ 656 804 108 ]
[5  9  10] :	[ 845 931 16 ]
[6  9  10] :	[ 258 430 90 ]
[7  9  10] :	[ 77 969 949 ]
[8  9  10] :	[ 367 476 623 ]
[9  9  10] :	[ 113 560 62 ]
[10  9  10] :	[ 847 82 478 ]
[1  10  10] :	[ 848 870 533 ]
[2  10  10] :	[ 560 2 287 ]
[3  10  10] :	[ 948 789 575 ]
[4  10  10] :	[ 258 329 407 ]
[5  10  10] :	[ 956 375 857 ]
[6  10  10] :	[ 216 559 13 ]
[7  10  10] :	[ 50 457 944 ]
[8  10  10] :	[ 31 557 340 ]
[9  10  10] :	[ 463 109 139 ]
[10  10  10] :	[ 315 482 831 ]
